Wavelength (Angstroms)     Irradiance (Watts/m2/Angstrom)
      5888.0000                     1.851042e-01
      5888.0100                     1.851226e-01
      5888.0200                     1.849161e-01
      5888.0300                     1.845036e-01
      5888.0400                     1.843533e-01
      5888.0500                     1.845216e-01
      5888.0600                     1.847085e-01
      5888.0700                     1.848018e-01
      5888.0800                     1.849139e-01
      5888.0900                     1.850446e-01
      5888.1000                     1.851192e-01
      5888.1100                     1.851750e-01
      5888.1200                     1.852683e-01
      5888.1300                     1.853054e-01
      5888.1400                     1.853425e-01
      5888.1500                     1.853421e-01
      5888.1600                     1.853417e-01
      5888.1700                     1.853413e-01
      5888.1800                     1.853222e-01
      5888.1900                     1.852656e-01
      5888.2000                     1.851716e-01
      5888.2100                     1.850963e-01
      5888.2200                     1.850584e-01
      5888.2300                     1.850580e-01
      5888.2400                     1.850764e-01
      5888.2500                     1.851135e-01
      5888.2600                     1.851880e-01
      5888.2700                     1.853001e-01
      5888.2800                     1.853933e-01
      5888.2900                     1.854304e-01
      5888.3000                     1.854300e-01
      5888.3100                     1.854297e-01
      5888.3200                     1.854293e-01
      5888.3300                     1.854289e-01
      5888.3400                     1.854285e-01
      5888.3500                     1.852783e-01
      5888.3600                     1.850344e-01
      5888.3700                     1.847904e-01
      5888.3800                     1.845278e-01
      5888.3900                     1.842089e-01
      5888.4000                     1.838526e-01
      5888.4100                     1.834776e-01
      5888.4200                     1.830838e-01
      5888.4300                     1.827087e-01
      5888.4400                     1.824461e-01
      5888.4500                     1.823333e-01
      5888.4600                     1.824079e-01
      5888.4700                     1.826323e-01
      5888.4800                     1.828942e-01
      5888.4900                     1.831935e-01
      5888.5000                     1.835866e-01
      5888.5100                     1.839609e-01
      5888.5200                     1.842789e-01
      5888.5300                     1.845221e-01
      5888.5400                     1.846716e-01
      5888.5500                     1.848023e-01
      5888.5600                     1.849144e-01
      5888.5700                     1.849889e-01
      5888.5800                     1.850260e-01
      5888.5900                     1.850256e-01
      5888.6000                     1.850627e-01
      5888.6100                     1.850248e-01
      5888.6200                     1.849683e-01
      5888.6300                     1.848930e-01
      5888.6400                     1.848364e-01
      5888.6500                     1.847611e-01
      5888.6600                     1.846670e-01
      5888.6700                     1.845917e-01
      5888.6800                     1.844790e-01
      5888.6900                     1.843849e-01
      5888.7000                     1.843658e-01
      5888.7100                     1.843654e-01
      5888.7200                     1.843650e-01
      5888.7300                     1.843834e-01
      5888.7400                     1.844392e-01
      5888.7500                     1.845700e-01
      5888.7600                     1.847756e-01
      5888.7700                     1.849438e-01
      5888.7800                     1.850184e-01
      5888.7900                     1.850367e-01
      5888.8000                     1.850364e-01
      5888.8100                     1.850172e-01
      5888.8200                     1.850169e-01
      5888.8300                     1.850165e-01
      5888.8400                     1.850161e-01
      5888.8500                     1.850157e-01
      5888.8600                     1.850153e-01
      5888.8700                     1.849962e-01
      5888.8800                     1.849959e-01
      5888.8900                     1.849955e-01
      5888.9000                     1.849951e-01
      5888.9100                     1.849760e-01
      5888.9200                     1.849007e-01
      5888.9300                     1.848441e-01
      5888.9400                     1.847875e-01
      5888.9500                     1.846935e-01
      5888.9600                     1.845994e-01
      5888.9700                     1.845054e-01
      5888.9800                     1.844114e-01
      5888.9900                     1.842424e-01
      5889.0000                     1.839236e-01
      5889.0100                     1.835673e-01
      5889.0200                     1.831549e-01
      5889.0300                     1.826487e-01
      5889.0400                     1.819553e-01
      5889.0500                     1.811682e-01
      5889.0600                     1.803437e-01
      5889.0700                     1.794630e-01
      5889.0800                     1.786571e-01
      5889.0900                     1.780948e-01
      5889.1000                     1.778884e-01
      5889.1100                     1.780379e-01
      5889.1200                     1.784684e-01
      5889.1300                     1.791049e-01
      5889.1400                     1.798163e-01
      5889.1500                     1.806026e-01
      5889.1600                     1.813140e-01
      5889.1700                     1.818943e-01
      5889.1800                     1.824183e-01
      5889.1900                     1.828862e-01
      5889.2000                     1.832979e-01
      5889.2100                     1.835598e-01
      5889.2200                     1.837280e-01
      5889.2300                     1.838400e-01
      5889.2400                     1.839145e-01
      5889.2500                     1.838954e-01
      5889.2600                     1.838201e-01
      5889.2700                     1.837448e-01
      5889.2800                     1.836883e-01
      5889.2900                     1.836130e-01
      5889.3000                     1.835564e-01
      5889.3100                     1.834811e-01
      5889.3200                     1.834058e-01
      5889.3300                     1.833305e-01
      5889.3400                     1.832739e-01
      5889.3500                     1.832174e-01
      5889.3600                     1.831421e-01
      5889.3700                     1.830855e-01
      5889.3800                     1.830289e-01
      5889.3900                     1.829536e-01
      5889.4000                     1.828596e-01
      5889.4100                     1.828030e-01
      5889.4200                     1.827278e-01
      5889.4300                     1.825963e-01
      5889.4400                     1.824648e-01
      5889.4500                     1.823333e-01
      5889.4600                     1.821644e-01
      5889.4700                     1.820516e-01
      5889.4800                     1.820138e-01
      5889.4900                     1.820321e-01
      5889.5000                     1.820130e-01
      5889.5100                     1.819565e-01
      5889.5200                     1.819374e-01
      5889.5300                     1.818995e-01
      5889.5400                     1.818055e-01
      5889.5500                     1.817677e-01
      5889.5600                     1.816924e-01
      5889.5700                     1.815422e-01
      5889.5800                     1.813920e-01
      5889.5900                     1.812043e-01
      5889.6000                     1.809605e-01
      5889.6100                     1.806979e-01
      5889.6200                     1.804915e-01
      5889.6300                     1.803600e-01
      5889.6400                     1.802473e-01
      5889.6500                     1.801907e-01
      5889.6600                     1.802278e-01
      5889.6700                     1.803024e-01
      5889.6800                     1.803582e-01
      5889.6900                     1.803953e-01
      5889.7000                     1.804136e-01
      5889.7100                     1.803570e-01
      5889.7200                     1.802818e-01
      5889.7300                     1.802439e-01
      5889.7400                     1.801874e-01
      5889.7500                     1.800559e-01
      5889.7600                     1.798683e-01
      5889.7700                     1.796806e-01
      5889.7800                     1.795679e-01
      5889.7900                     1.794926e-01
      5889.8000                     1.794548e-01
      5889.8100                     1.794544e-01
      5889.8200                     1.794728e-01
      5889.8300                     1.795473e-01
      5889.8400                     1.796218e-01
      5889.8500                     1.796027e-01
      5889.8600                     1.795649e-01
      5889.8700                     1.794147e-01
      5889.8800                     1.793020e-01
      5889.8900                     1.791143e-01
      5889.9000                     1.789454e-01
      5889.9100                     1.788139e-01
      5889.9200                     1.787012e-01
      5889.9300                     1.786447e-01
      5889.9400                     1.786256e-01
      5889.9500                     1.786439e-01
      5889.9600                     1.786436e-01
      5889.9700                     1.786432e-01
      5889.9800                     1.786241e-01
      5889.9900                     1.785488e-01
      5890.0000                     1.784548e-01
      5890.0100                     1.783795e-01
      5890.0200                     1.782855e-01
      5890.0300                     1.781541e-01
      5890.0400                     1.780226e-01
      5890.0500                     1.779848e-01
      5890.0600                     1.779657e-01
      5890.0700                     1.779466e-01
      5890.0800                     1.779275e-01
      5890.0900                     1.778897e-01
      5890.1000                     1.778144e-01
      5890.1100                     1.777766e-01
      5890.1200                     1.777013e-01
      5890.1300                     1.775511e-01
      5890.1400                     1.772886e-01
      5890.1500                     1.768950e-01
      5890.1600                     1.763515e-01
      5890.1700                     1.757894e-01
      5890.1800                     1.753021e-01
      5890.1900                     1.749085e-01
      5890.2000                     1.745898e-01
      5890.2100                     1.744396e-01
      5890.2200                     1.744580e-01
      5890.2300                     1.745700e-01
      5890.2400                     1.747943e-01
      5890.2500                     1.750000e-01
      5890.2600                     1.752243e-01
      5890.2700                     1.754300e-01
      5890.2800                     1.754109e-01
      5890.2900                     1.751858e-01
      5890.3000                     1.749607e-01
      5890.3100                     1.747544e-01
      5890.3200                     1.745293e-01
      5890.3300                     1.743229e-01
      5890.3400                     1.740979e-01
      5890.3500                     1.738915e-01
      5890.3600                     1.736664e-01
      5890.3700                     1.734414e-01
      5890.3800                     1.732163e-01
      5890.3900                     1.730100e-01
      5890.4000                     1.727849e-01
      5890.4100                     1.725785e-01
      5890.4200                     1.723535e-01
      5890.4300                     1.721471e-01
      5890.4400                     1.719221e-01
      5890.4500                     1.717158e-01
      5890.4600                     1.714720e-01
      5890.4700                     1.712656e-01
      5890.4800                     1.710406e-01
      5890.4900                     1.708342e-01
      5890.5000                     1.706279e-01
      5890.5100                     1.703841e-01
      5890.5200                     1.700841e-01
      5890.5300                     1.697655e-01
      5890.5400                     1.694655e-01
      5890.5500                     1.692592e-01
      5890.5600                     1.691465e-01
      5890.5700                     1.691461e-01
      5890.5800                     1.692207e-01
      5890.5900                     1.692952e-01
      5890.6000                     1.693136e-01
      5890.6100                     1.693133e-01
      5890.6200                     1.692568e-01
      5890.6300                     1.691628e-01
      5890.6400                     1.690126e-01
      5890.6500                     1.688438e-01
      5890.6600                     1.686562e-01
      5890.6700                     1.684311e-01
      5890.6800                     1.681124e-01
      5890.6900                     1.677376e-01
      5890.7000                     1.673440e-01
      5890.7100                     1.669505e-01
      5890.7200                     1.665007e-01
      5890.7300                     1.660323e-01
      5890.7400                     1.656013e-01
      5890.7500                     1.651703e-01
      5890.7600                     1.647018e-01
      5890.7700                     1.642521e-01
      5890.7800                     1.637836e-01
      5890.7900                     1.633526e-01
      5890.8000                     1.628842e-01
      5890.8100                     1.623595e-01
      5890.8200                     1.618349e-01
      5890.8300                     1.613103e-01
      5890.8400                     1.607670e-01
      5890.8500                     1.602424e-01
      5890.8600                     1.596429e-01
      5890.8700                     1.590059e-01
      5890.8800                     1.583502e-01
      5890.8900                     1.576759e-01
      5890.9000                     1.569266e-01
      5890.9100                     1.561586e-01
      5890.9200                     1.554093e-01
      5890.9300                     1.546225e-01
      5890.9400                     1.538733e-01
      5890.9500                     1.530865e-01
      5890.9600                     1.521688e-01
      5890.9700                     1.511761e-01
      5890.9800                     1.500898e-01
      5890.9900                     1.490222e-01
      5891.0000                     1.479921e-01
      5891.0100                     1.469246e-01
      5891.0200                     1.458945e-01
      5891.0300                     1.448644e-01
      5891.0400                     1.438905e-01
      5891.0500                     1.429727e-01
      5891.0600                     1.419613e-01
      5891.0700                     1.408564e-01
      5891.0800                     1.397514e-01
      5891.0900                     1.386090e-01
      5891.1000                     1.374291e-01
      5891.1100                     1.362493e-01
      5891.1200                     1.350133e-01
      5891.1300                     1.336275e-01
      5891.1400                     1.322042e-01
      5891.1500                     1.307623e-01
      5891.1600                     1.292080e-01
      5891.1700                     1.276912e-01
      5891.1800                     1.261743e-01
      5891.1900                     1.245826e-01
      5891.2000                     1.228786e-01
      5891.2100                     1.212307e-01
      5891.2200                     1.196390e-01
      5891.2300                     1.180286e-01
      5891.2400                     1.162310e-01
      5891.2500                     1.140964e-01
      5891.2600                     1.118681e-01
      5891.2700                     1.098833e-01
      5891.2800                     1.081606e-01
      5891.2900                     1.062881e-01
      5891.3000                     1.042097e-01
      5891.3100                     1.021874e-01
      5891.3200                     1.001839e-01
      5891.3300                     9.808681e-02
      5891.3400                     9.593353e-02
      5891.3500                     9.379899e-02
      5891.3600                     9.166445e-02
      5891.3700                     8.954865e-02
      5891.3800                     8.735796e-02
      5891.3900                     8.507367e-02
      5891.4000                     8.265834e-02
      5891.4100                     8.009324e-02
      5891.4200                     7.722859e-02
      5891.4300                     7.393336e-02
      5891.4400                     7.020753e-02
      5891.4500                     6.578900e-02
      5891.4600                     6.064033e-02
      5891.4700                     5.474281e-02
      5891.4800                     4.815261e-02
      5891.4900                     4.111310e-02
      5891.5000                     3.416724e-02
      5891.5100                     2.774561e-02
      5891.5200                     2.224138e-02
      5891.5300                     1.778558e-02
      5891.5400                     1.447181e-02
      5891.5500                     1.215031e-02
      5891.5600                     1.048406e-02
      5891.5700                     9.416918e-03
      5891.5800                     8.780368e-03
      5891.5900                     8.518250e-03
      5891.6000                     8.518233e-03
      5891.6100                     8.705429e-03
      5891.6200                     9.173444e-03
      5891.6300                     9.903555e-03
      5891.6400                     1.110169e-02
      5891.6500                     1.295507e-02
      5891.6600                     1.570705e-02
      5891.6700                     1.956357e-02
      5891.6800                     2.443101e-02
      5891.6900                     3.040298e-02
      5891.7000                     3.712376e-02
      5891.7100                     4.431253e-02
      5891.7200                     5.137023e-02
      5891.7300                     5.781011e-02
      5891.7400                     6.327648e-02
      5891.7500                     6.803144e-02
      5891.7600                     7.214987e-02
      5891.7700                     7.578154e-02
      5891.7800                     7.902007e-02
      5891.7900                     8.197777e-02
      5891.8000                     8.474825e-02
      5891.8100                     8.735024e-02
      5891.8200                     8.985861e-02
      5891.8300                     9.225465e-02
      5891.8400                     9.455708e-02
      5891.8500                     9.678461e-02
      5891.8600                     9.903086e-02
      5891.8700                     1.011648e-01
      5891.8800                     1.032238e-01
      5891.8900                     1.053015e-01
      5891.9000                     1.073044e-01
      5891.9100                     1.093260e-01
      5891.9200                     1.113662e-01
      5891.9300                     1.133690e-01
      5891.9400                     1.152970e-01
      5891.9500                     1.172062e-01
      5891.9600                     1.191341e-01
      5891.9700                     1.210059e-01
      5891.9800                     1.227840e-01
      5891.9900                     1.244498e-01
      5892.0000                     1.260033e-01
      5892.0100                     1.274258e-01
      5892.0200                     1.286797e-01
      5892.0300                     1.298026e-01
      5892.0400                     1.308132e-01
      5892.0500                     1.317302e-01
      5892.0600                     1.325349e-01
      5892.0700                     1.331711e-01
      5892.0800                     1.337137e-01
      5892.0900                     1.342750e-01
      5892.1000                     1.348550e-01
      5892.1100                     1.354725e-01
      5892.1200                     1.362023e-01
      5892.1300                     1.371192e-01
      5892.1400                     1.382047e-01
      5892.1500                     1.395522e-01
      5892.1600                     1.411243e-01
      5892.1700                     1.428088e-01
      5892.1800                     1.445119e-01
      5892.1900                     1.461776e-01
      5892.2000                     1.477872e-01
      5892.2100                     1.492657e-01
      5892.2200                     1.505944e-01
      5892.2300                     1.517734e-01
      5892.2400                     1.528213e-01
      5892.2500                     1.537570e-01
      5892.2600                     1.546177e-01
      5892.2700                     1.554410e-01
      5892.2800                     1.562269e-01
      5892.2900                     1.569753e-01
      5892.3000                     1.576489e-01
      5892.3100                     1.582663e-01
      5892.3200                     1.589024e-01
      5892.3300                     1.594636e-01
      5892.3400                     1.600061e-01
      5892.3500                     1.605112e-01
      5892.3600                     1.610724e-01
      5892.3700                     1.616711e-01
      5892.3800                     1.622885e-01
      5892.3900                     1.628684e-01
      5892.4000                     1.633173e-01
      5892.4100                     1.637288e-01
      5892.4200                     1.641402e-01
      5892.4300                     1.645330e-01
      5892.4400                     1.649257e-01
      5892.4500                     1.653559e-01
      5892.4600                     1.657674e-01
      5892.4700                     1.661975e-01
      5892.4800                     1.666464e-01
      5892.4900                     1.670766e-01
      5892.5000                     1.675255e-01
      5892.5100                     1.678995e-01
      5892.5200                     1.681986e-01
      5892.5300                     1.685352e-01
      5892.5400                     1.688718e-01
      5892.5500                     1.691335e-01
      5892.5600                     1.693578e-01
      5892.5700                     1.695820e-01
      5892.5800                     1.698250e-01
      5892.5900                     1.700492e-01
      5892.6000                     1.702548e-01
      5892.6100                     1.704603e-01
      5892.6200                     1.706659e-01
      5892.6300                     1.709463e-01
      5892.6400                     1.712641e-01
      5892.6500                     1.715633e-01
      5892.6600                     1.717501e-01
      5892.6700                     1.718807e-01
      5892.6800                     1.719740e-01
      5892.6900                     1.720111e-01
      5892.7000                     1.718235e-01
      5892.7100                     1.713740e-01
      5892.7200                     1.706062e-01
      5892.7300                     1.694454e-01
      5892.7400                     1.677418e-01
      5892.7500                     1.654767e-01
      5892.7600                     1.625378e-01
      5892.7700                     1.591497e-01
      5892.7800                     1.556306e-01
      5892.7900                     1.524672e-01
      5892.8000                     1.500150e-01
      5892.8100                     1.487045e-01
      5892.8200                     1.487978e-01
      5892.8300                     1.504071e-01
      5892.8400                     1.530084e-01
      5892.8500                     1.563209e-01
      5892.8600                     1.598580e-01
      5892.8700                     1.632079e-01
      5892.8800                     1.661087e-01
      5892.8900                     1.685040e-01
      5892.9000                     1.703566e-01
      5892.9100                     1.718349e-01
      5892.9200                     1.729200e-01
      5892.9300                     1.736871e-01
      5892.9400                     1.742669e-01
      5892.9500                     1.747345e-01
      5892.9600                     1.751458e-01
      5892.9700                     1.754824e-01
      5892.9800                     1.758002e-01
      5892.9900                     1.761180e-01
      5893.0000                     1.764171e-01
      5893.0100                     1.766975e-01
      5893.0200                     1.769030e-01
      5893.0300                     1.770524e-01
      5893.0400                     1.772204e-01
      5893.0500                     1.774072e-01
      5893.0600                     1.775566e-01
      5893.0700                     1.776498e-01
      5893.0800                     1.777992e-01
      5893.0900                     1.778924e-01
      5893.1000                     1.779669e-01
      5893.1100                     1.780601e-01
      5893.1200                     1.781533e-01
      5893.1300                     1.782278e-01
      5893.1400                     1.783210e-01
      5893.1500                     1.784142e-01
      5893.1600                     1.785074e-01
      5893.1700                     1.786568e-01
      5893.1800                     1.788249e-01
      5893.1900                     1.790304e-01
      5893.2000                     1.792359e-01
      5893.2100                     1.792729e-01
      5893.2200                     1.792913e-01
      5893.2300                     1.793284e-01
      5893.2400                     1.793467e-01
      5893.2500                     1.793650e-01
      5893.2600                     1.794021e-01
      5893.2700                     1.794205e-01
      5893.2800                     1.794575e-01
      5893.2900                     1.794572e-01
      5893.3000                     1.794942e-01
      5893.3100                     1.795313e-01
      5893.3200                     1.795496e-01
      5893.3300                     1.795680e-01
      5893.3400                     1.795863e-01
      5893.3500                     1.796234e-01
      5893.3600                     1.796604e-01
      5893.3700                     1.796601e-01
      5893.3800                     1.794164e-01
      5893.3900                     1.792102e-01
      5893.4000                     1.790601e-01
      5893.4100                     1.789662e-01
      5893.4200                     1.788722e-01
      5893.4300                     1.786660e-01
      5893.4400                     1.783475e-01
      5893.4500                     1.779167e-01
      5893.4600                     1.773549e-01
      5893.4700                     1.766996e-01
      5893.4800                     1.759881e-01
      5893.4900                     1.752953e-01
      5893.5000                     1.747896e-01
      5893.5100                     1.746208e-01
      5893.5200                     1.747702e-01
      5893.5300                     1.752938e-01
      5893.5400                     1.760608e-01
      5893.5500                     1.769399e-01
      5893.5600                     1.778379e-01
      5893.5700                     1.786796e-01
      5893.5800                     1.794278e-01
      5893.5900                     1.800637e-01
      5893.6000                     1.806434e-01
      5893.6100                     1.810922e-01
      5893.6200                     1.813538e-01
      5893.6300                     1.816154e-01
      5893.6400                     1.818022e-01
      5893.6500                     1.818954e-01
      5893.6600                     1.820447e-01
      5893.6700                     1.821192e-01
      5893.6800                     1.821563e-01
      5893.6900                     1.821372e-01
      5893.7000                     1.821742e-01
      5893.7100                     1.821739e-01
      5893.7200                     1.822109e-01
      5893.7300                     1.822293e-01
      5893.7400                     1.821915e-01
      5893.7500                     1.822098e-01
      5893.7600                     1.822656e-01
      5893.7700                     1.823026e-01
      5893.7800                     1.822835e-01
      5893.7900                     1.822457e-01
      5893.8000                     1.822266e-01
      5893.8100                     1.821889e-01
      5893.8200                     1.821136e-01
      5893.8300                     1.820571e-01
      5893.8400                     1.820567e-01
      5893.8500                     1.820564e-01
      5893.8600                     1.819999e-01
      5893.8700                     1.819621e-01
      5893.8800                     1.819617e-01
      5893.8900                     1.819239e-01
      5893.9000                     1.818861e-01
      5893.9100                     1.818483e-01
      5893.9200                     1.817918e-01
      5893.9300                     1.816230e-01
      5893.9400                     1.814355e-01
      5893.9500                     1.812480e-01
      5893.9600                     1.810231e-01
      5893.9700                     1.807982e-01
      5893.9800                     1.805732e-01
      5893.9900                     1.802922e-01
      5894.0000                     1.800112e-01
      5894.0100                     1.797301e-01
      5894.0200                     1.794678e-01
      5894.0300                     1.791867e-01
      5894.0400                     1.789057e-01
      5894.0500                     1.785872e-01
      5894.0600                     1.779506e-01
      5894.0700                     1.772018e-01
      5894.0800                     1.764717e-01
      5894.0900                     1.759848e-01
      5894.1000                     1.757599e-01
      5894.1100                     1.759466e-01
      5894.1200                     1.764328e-01
      5894.1300                     1.771622e-01
      5894.1400                     1.780600e-01
      5894.1500                     1.789952e-01
      5894.1600                     1.797807e-01
      5894.1700                     1.804165e-01
      5894.1800                     1.809027e-01
      5894.1900                     1.811830e-01
      5894.2000                     1.812574e-01
      5894.2100                     1.811261e-01
      5894.2200                     1.807515e-01
      5894.2300                     1.800214e-01
      5894.2400                     1.789545e-01
      5894.2500                     1.773824e-01
      5894.2600                     1.752302e-01
      5894.2700                     1.723671e-01
      5894.2800                     1.687742e-01
      5894.2900                     1.647509e-01
      5894.3000                     1.605406e-01
      5894.3100                     1.565736e-01
      5894.3200                     1.532614e-01
      5894.3300                     1.509971e-01
      5894.3400                     1.498180e-01
      5894.3500                     1.497615e-01
      5894.3600                     1.503413e-01
      5894.3700                     1.512578e-01
      5894.3800                     1.521182e-01
      5894.3900                     1.525669e-01
      5894.4000                     1.521737e-01
      5894.4100                     1.506952e-01
      5894.4200                     1.475702e-01
      5894.4300                     1.427052e-01
      5894.4400                     1.360627e-01
      5894.4500                     1.279608e-01
      5894.4600                     1.188111e-01
      5894.4700                     1.092686e-01
      5894.4800                     1.001939e-01
      5894.4900                     9.246630e-02
      5894.5000                     8.687175e-02
      5894.5100                     8.391535e-02
      5894.5200                     8.445778e-02
      5894.5300                     8.846158e-02
      5894.5400                     9.609512e-02
      5894.5500                     1.065164e-01
      5894.5600                     1.186029e-01
      5894.5700                     1.309513e-01
      5894.5800                     1.424950e-01
      5894.5900                     1.524484e-01
      5894.6000                     1.607179e-01
      5894.6100                     1.671537e-01
      5894.6200                     1.719805e-01
      5894.6300                     1.755724e-01
      5894.6400                     1.780043e-01
      5894.6500                     1.794633e-01
      5894.6600                     1.801739e-01
      5894.6700                     1.808284e-01
      5894.6800                     1.816512e-01
      5894.6900                     1.823244e-01
      5894.7000                     1.826982e-01
      5894.7100                     1.828662e-01
      5894.7200                     1.829594e-01
      5894.7300                     1.829590e-01
      5894.7400                     1.829400e-01
      5894.7500                     1.829022e-01
      5894.7600                     1.828082e-01
      5894.7700                     1.826395e-01
      5894.7800                     1.824333e-01
      5894.7900                     1.821336e-01
      5894.8000                     1.817590e-01
      5894.8100                     1.813283e-01
      5894.8200                     1.807854e-01
      5894.8300                     1.801864e-01
      5894.8400                     1.795686e-01
      5894.8500                     1.790257e-01
      5894.8600                     1.786137e-01
      5894.8700                     1.784263e-01
      5894.8800                     1.785381e-01
      5894.8900                     1.788745e-01
      5894.9000                     1.793606e-01
      5894.9100                     1.799215e-01
      5894.9200                     1.804824e-01
      5894.9300                     1.810246e-01
      5894.9400                     1.814171e-01
      5894.9500                     1.817535e-01
      5894.9600                     1.820150e-01
      5894.9700                     1.822204e-01
      5894.9800                     1.823884e-01
      5894.9900                     1.825003e-01
      5895.0000                     1.825935e-01
      5895.0100                     1.826866e-01
      5895.0200                     1.827798e-01
      5895.0300                     1.828917e-01
      5895.0400                     1.830035e-01
      5895.0500                     1.831341e-01
      5895.0600                     1.833021e-01
      5895.0700                     1.834514e-01
      5895.0800                     1.836381e-01
      5895.0900                     1.838435e-01
      5895.1000                     1.839741e-01
      5895.1100                     1.840111e-01
      5895.1200                     1.838798e-01
      5895.1300                     1.837111e-01
      5895.1400                     1.835984e-01
      5895.1500                     1.835232e-01
      5895.1600                     1.834293e-01
      5895.1700                     1.833541e-01
      5895.1800                     1.833163e-01
      5895.1900                     1.833160e-01
      5895.2000                     1.832782e-01
      5895.2100                     1.831842e-01
      5895.2200                     1.830903e-01
      5895.2300                     1.829777e-01
      5895.2400                     1.828464e-01
      5895.2500                     1.827525e-01
      5895.2600                     1.826773e-01
      5895.2700                     1.826021e-01
      5895.2800                     1.825456e-01
      5895.2900                     1.825265e-01
      5895.3000                     1.825448e-01
      5895.3100                     1.826006e-01
      5895.3200                     1.826563e-01
      5895.3300                     1.827121e-01
      5895.3400                     1.827678e-01
      5895.3500                     1.828423e-01
      5895.3600                     1.829541e-01
      5895.3700                     1.829912e-01
      5895.3800                     1.829721e-01
      5895.3900                     1.829530e-01
      5895.4000                     1.829152e-01
      5895.4100                     1.828961e-01
      5895.4200                     1.828771e-01
      5895.4300                     1.828019e-01
      5895.4400                     1.826518e-01
      5895.4500                     1.825579e-01
      5895.4600                     1.824453e-01
      5895.4700                     1.823701e-01
      5895.4800                     1.823510e-01
      5895.4900                     1.824068e-01
      5895.5000                     1.824438e-01
      5895.5100                     1.824996e-01
      5895.5200                     1.825553e-01
      5895.5300                     1.826110e-01
      5895.5400                     1.826481e-01
      5895.5500                     1.827225e-01
      5895.5600                     1.827783e-01
      5895.5700                     1.827966e-01
      5895.5800                     1.828524e-01
      5895.5900                     1.828707e-01
      5895.6000                     1.828516e-01
      5895.6100                     1.828700e-01
      5895.6200                     1.828322e-01
      5895.6300                     1.827944e-01
      5895.6400                     1.827940e-01
      5895.6500                     1.827562e-01
      5895.6600                     1.827184e-01
      5895.6700                     1.826619e-01
      5895.6800                     1.825867e-01
      5895.6900                     1.824928e-01
      5895.7000                     1.823428e-01
      5895.7100                     1.822115e-01
      5895.7200                     1.821363e-01
      5895.7300                     1.820985e-01
      5895.7400                     1.820982e-01
      5895.7500                     1.820791e-01
      5895.7600                     1.820787e-01
      5895.7700                     1.821157e-01
      5895.7800                     1.821341e-01
      5895.7900                     1.821337e-01
      5895.8000                     1.821333e-01
      5895.8100                     1.820581e-01
      5895.8200                     1.819829e-01
      5895.8300                     1.819265e-01
      5895.8400                     1.818700e-01
      5895.8500                     1.818696e-01
      5895.8600                     1.818879e-01
      5895.8700                     1.818876e-01
      5895.8800                     1.818872e-01
      5895.8900                     1.819242e-01
      5895.9000                     1.819987e-01
      5895.9100                     1.819796e-01
      5895.9200                     1.819605e-01
      5895.9300                     1.819788e-01
      5895.9400                     1.819598e-01
      5895.9500                     1.819594e-01
      5895.9600                     1.819029e-01
      5895.9700                     1.819025e-01
      5895.9800                     1.818273e-01
      5895.9900                     1.817896e-01
      5896.0000                     1.817518e-01
      5896.0100                     1.817140e-01
      5896.0200                     1.816762e-01
      5896.0300                     1.816384e-01
      5896.0400                     1.816194e-01
      5896.0500                     1.815816e-01
      5896.0600                     1.815251e-01
      5896.0700                     1.815060e-01
      5896.0800                     1.814495e-01
      5896.0900                     1.814304e-01
      5896.1000                     1.813740e-01
      5896.1100                     1.813362e-01
      5896.1200                     1.812984e-01
      5896.1300                     1.812419e-01
      5896.1400                     1.812041e-01
      5896.1500                     1.811851e-01
      5896.1600                     1.811473e-01
      5896.1700                     1.811095e-01
      5896.1800                     1.810530e-01
      5896.1900                     1.809404e-01
      5896.2000                     1.808653e-01
      5896.2100                     1.807527e-01
      5896.2200                     1.805839e-01
      5896.2300                     1.804152e-01
      5896.2400                     1.802278e-01
      5896.2500                     1.800779e-01
      5896.2600                     1.799092e-01
      5896.2700                     1.797778e-01
      5896.2800                     1.796653e-01
      5896.2900                     1.795340e-01
      5896.3000                     1.794775e-01
      5896.3100                     1.794023e-01
      5896.3200                     1.793084e-01
      5896.3300                     1.792519e-01
      5896.3400                     1.791768e-01
      5896.3500                     1.791203e-01
      5896.3600                     1.790825e-01
      5896.3700                     1.790073e-01
      5896.3800                     1.789509e-01
      5896.3900                     1.788196e-01
      5896.4000                     1.787257e-01
      5896.4100                     1.786505e-01
      5896.4200                     1.785379e-01
      5896.4300                     1.783505e-01
      5896.4400                     1.781070e-01
      5896.4500                     1.778261e-01
      5896.4600                     1.775452e-01
      5896.4700                     1.772643e-01
      5896.4800                     1.769647e-01
      5896.4900                     1.766838e-01
      5896.5000                     1.764403e-01
      5896.5100                     1.761781e-01
      5896.5200                     1.759159e-01
      5896.5300                     1.756724e-01
      5896.5400                     1.754663e-01
      5896.5500                     1.752229e-01
      5896.5600                     1.749046e-01
      5896.5700                     1.746798e-01
      5896.5800                     1.746794e-01
      5896.5900                     1.748100e-01
      5896.6000                     1.749218e-01
      5896.6100                     1.749589e-01
      5896.6200                     1.749772e-01
      5896.6300                     1.749394e-01
      5896.6400                     1.748643e-01
      5896.6500                     1.747891e-01
      5896.6600                     1.746765e-01
      5896.6700                     1.745266e-01
      5896.6800                     1.743766e-01
      5896.6900                     1.741705e-01
      5896.7000                     1.739644e-01
      5896.7100                     1.737397e-01
      5896.7200                     1.734588e-01
      5896.7300                     1.730844e-01
      5896.7400                     1.725604e-01
      5896.7500                     1.719616e-01
      5896.7600                     1.714563e-01
      5896.7700                     1.711567e-01
      5896.7800                     1.708946e-01
      5896.7900                     1.706137e-01
      5896.8000                     1.702767e-01
      5896.8100                     1.700145e-01
      5896.8200                     1.698459e-01
      5896.8300                     1.696772e-01
      5896.8400                     1.694898e-01
      5896.8500                     1.692651e-01
      5896.8600                     1.689842e-01
      5896.8700                     1.687034e-01
      5896.8800                     1.683664e-01
      5896.8900                     1.679920e-01
      5896.9000                     1.676364e-01
      5896.9100                     1.672620e-01
      5896.9200                     1.668128e-01
      5896.9300                     1.663450e-01
      5896.9400                     1.658397e-01
      5896.9500                     1.652970e-01
      5896.9600                     1.647544e-01
      5896.9700                     1.641369e-01
      5896.9800                     1.634820e-01
      5896.9900                     1.629020e-01
      5897.0000                     1.622471e-01
      5897.0100                     1.614801e-01
      5897.0200                     1.607130e-01
      5897.0300                     1.600021e-01
      5897.0400                     1.592350e-01
      5897.0500                     1.583932e-01
      5897.0600                     1.574765e-01
      5897.0700                     1.565412e-01
      5897.0800                     1.556245e-01
      5897.0900                     1.546331e-01
      5897.1000                     1.535295e-01
      5897.1100                     1.524445e-01
      5897.1200                     1.513035e-01
      5897.1300                     1.500129e-01
      5897.1400                     1.487223e-01
      5897.1500                     1.474317e-01
      5897.1600                     1.460663e-01
      5897.1700                     1.445887e-01
      5897.1800                     1.430363e-01
      5897.1900                     1.414091e-01
      5897.2000                     1.397632e-01
      5897.2100                     1.380238e-01
      5897.2200                     1.361348e-01
      5897.2300                     1.341524e-01
      5897.2400                     1.321512e-01
      5897.2500                     1.300753e-01
      5897.2600                     1.279059e-01
      5897.2700                     1.256055e-01
      5897.2800                     1.232491e-01
      5897.2900                     1.208553e-01
      5897.3000                     1.183493e-01
      5897.3100                     1.157312e-01
      5897.3200                     1.130943e-01
      5897.3300                     1.103827e-01
      5897.3400                     1.076149e-01
      5897.3500                     1.047724e-01
      5897.3600                     1.018925e-01
      5897.3700                     9.890042e-02
      5897.3800                     9.579614e-02
      5897.3900                     9.246749e-02
      5897.4000                     8.880227e-02
      5897.4100                     8.468828e-02
      5897.4200                     8.001334e-02
      5897.4300                     7.460915e-02
      5897.4400                     6.847573e-02
      5897.4500                     6.148218e-02
      5897.4600                     5.377810e-02
      5897.4700                     4.577486e-02
      5897.4800                     3.799605e-02
      5897.4900                     3.079693e-02
      5897.5000                     2.460758e-02
      5897.5100                     1.967106e-02
      5897.5200                     1.600608e-02
      5897.5300                     1.355652e-02
      5897.5400                     1.181752e-02
      5897.5500                     1.073298e-02
      5897.5600                     1.013461e-02
      5897.5700                     9.910205e-03
      5897.5800                     1.000368e-02
      5897.5900                     1.039632e-02
      5897.6000                     1.116294e-02
      5897.6100                     1.243440e-02
      5897.6200                     1.449119e-02
      5897.6300                     1.759507e-02
      5897.6400                     2.182084e-02
      5897.6500                     2.750504e-02
      5897.6600                     3.438591e-02
      5897.6700                     4.214556e-02
      5897.6800                     5.029783e-02
      5897.6900                     5.837528e-02
      5897.7000                     6.587306e-02
      5897.7100                     7.266029e-02
      5897.7200                     7.849389e-02
      5897.7300                     8.376653e-02
      5897.7400                     8.845952e-02
      5897.7500                     9.264765e-02
      5897.7600                     9.640571e-02
      5897.7700                     9.993939e-02
      5897.7800                     1.033048e-01
      5897.7900                     1.064832e-01
      5897.8000                     1.094746e-01
      5897.8100                     1.123164e-01
      5897.8200                     1.150273e-01
      5897.8300                     1.176073e-01
      5897.8400                     1.201312e-01
      5897.8500                     1.225429e-01
      5897.8600                     1.248612e-01
      5897.8700                     1.270298e-01
      5897.8800                     1.291423e-01
      5897.8900                     1.311053e-01
      5897.9000                     1.330121e-01
      5897.9100                     1.347881e-01
      5897.9200                     1.364706e-01
      5897.9300                     1.380595e-01
      5897.9400                     1.395737e-01
      5897.9500                     1.409757e-01
      5897.9600                     1.422655e-01
      5897.9700                     1.434431e-01
      5897.9800                     1.445273e-01
      5897.9900                     1.454992e-01
      5898.0000                     1.464150e-01
      5898.0100                     1.473496e-01
      5898.0200                     1.482280e-01
      5898.0300                     1.489943e-01
      5898.0400                     1.498166e-01
      5898.0500                     1.507138e-01
      5898.0600                     1.516857e-01
      5898.0700                     1.526389e-01
      5898.0800                     1.535547e-01
      5898.0900                     1.544519e-01
      5898.1000                     1.553116e-01
      5898.1100                     1.560591e-01
      5898.1200                     1.568627e-01
      5898.1300                     1.580029e-01
      5898.1400                     1.592178e-01
      5898.1500                     1.602458e-01
      5898.1600                     1.611055e-01
      5898.1700                     1.619091e-01
      5898.1800                     1.626753e-01
      5898.1900                     1.633667e-01
      5898.2000                     1.640208e-01
      5898.2100                     1.647122e-01
      5898.2200                     1.654223e-01
      5898.2300                     1.661137e-01
      5898.2400                     1.667116e-01
      5898.2500                     1.672722e-01
      5898.2600                     1.678327e-01
      5898.2700                     1.683932e-01
      5898.2800                     1.688603e-01
      5898.2900                     1.692525e-01
      5898.3000                     1.696261e-01
      5898.3100                     1.700184e-01
      5898.3200                     1.703359e-01
      5898.3300                     1.706159e-01
      5898.3400                     1.709334e-01
      5898.3500                     1.712696e-01
      5898.3600                     1.716058e-01
      5898.3700                     1.718858e-01
      5898.3800                     1.721659e-01
      5898.3900                     1.725021e-01
      5898.4000                     1.728756e-01
      5898.4100                     1.732118e-01
      5898.4200                     1.735479e-01
      5898.4300                     1.738841e-01
      5898.4400                     1.741268e-01
      5898.4500                     1.743695e-01
      5898.4600                     1.745934e-01
      5898.4700                     1.748548e-01
      5898.4800                     1.750975e-01
      5898.4900                     1.753589e-01
      5898.5000                     1.755828e-01
      5898.5100                     1.757881e-01
      5898.5200                     1.759934e-01
      5898.5300                     1.762174e-01
      5898.5400                     1.764414e-01
      5898.5500                     1.766466e-01
      5898.5600                     1.768519e-01
      5898.5700                     1.769824e-01
      5898.5800                     1.770568e-01
      5898.5900                     1.771500e-01
      5898.6000                     1.772804e-01
      5898.6100                     1.773736e-01
      5898.6200                     1.774667e-01
      5898.6300                     1.775411e-01
      5898.6400                     1.775968e-01
      5898.6500                     1.776151e-01
      5898.6600                     1.776335e-01
      5898.6700                     1.776705e-01
      5898.6800                     1.776888e-01
      5898.6900                     1.776698e-01
      5898.7000                     1.776133e-01
      5898.7100                     1.776129e-01
      5898.7200                     1.775378e-01
      5898.7300                     1.773879e-01
      5898.7400                     1.771632e-01
      5898.7500                     1.768637e-01
      5898.7600                     1.765082e-01
      5898.7700                     1.761339e-01
      5898.7800                     1.756475e-01
      5898.7900                     1.750303e-01
      5898.8000                     1.743383e-01
      5898.8100                     1.735715e-01
      5898.8200                     1.728047e-01
      5898.8300                     1.720192e-01
      5898.8400                     1.711963e-01
      5898.8500                     1.704295e-01
      5898.8600                     1.697562e-01
      5898.8700                     1.693072e-01
      5898.8800                     1.691573e-01
      5898.8900                     1.692878e-01
      5898.9000                     1.697174e-01
      5898.9100                     1.703340e-01
      5898.9200                     1.711000e-01
      5898.9300                     1.719596e-01
      5898.9400                     1.729313e-01
      5898.9500                     1.739030e-01
      5898.9600                     1.748186e-01
      5898.9700                     1.756033e-01
      5898.9800                     1.763320e-01
      5898.9900                     1.769859e-01
      5899.0000                     1.775276e-01
      5899.0100                     1.779759e-01
      5899.0200                     1.784242e-01
      5899.0300                     1.787976e-01
      5899.0400                     1.791524e-01
      5899.0500                     1.794512e-01
      5899.0600                     1.795816e-01
      5899.0700                     1.794504e-01
      5899.0800                     1.791884e-01
      5899.0900                     1.790945e-01
      5899.1000                     1.791689e-01
      5899.1100                     1.792807e-01
      5899.1200                     1.792804e-01
      5899.1300                     1.790557e-01
      5899.1400                     1.786628e-01
      5899.1500                     1.783820e-01
      5899.1600                     1.781947e-01
      5899.1700                     1.780822e-01
      5899.1800                     1.781005e-01
      5899.1900                     1.782871e-01
      5899.2000                     1.785858e-01
      5899.2100                     1.788845e-01
      5899.2200                     1.792580e-01
      5899.2300                     1.797249e-01
      5899.2400                     1.801732e-01
      5899.2500                     1.805840e-01
      5899.2600                     1.809575e-01
      5899.2700                     1.813497e-01
      5899.2800                     1.816670e-01
      5899.2900                     1.818910e-01
      5899.3000                     1.820401e-01
      5899.3100                     1.821893e-01
      5899.3200                     1.822824e-01
      5899.3300                     1.823568e-01
      5899.3400                     1.824125e-01
      5899.3500                     1.824495e-01
      5899.3600                     1.823930e-01
      5899.3700                     1.822992e-01
      5899.3800                     1.822428e-01
      5899.3900                     1.823732e-01
      5899.4000                     1.825224e-01
      5899.4100                     1.826155e-01
      5899.4200                     1.827085e-01
      5899.4300                     1.828764e-01
      5899.4400                     1.830069e-01
      5899.4500                     1.830626e-01
      5899.4600                     1.831183e-01
      5899.4700                     1.831927e-01
      5899.4800                     1.832670e-01
      5899.4900                     1.833227e-01
      5899.5000                     1.833971e-01
      5899.5100                     1.834528e-01
      5899.5200                     1.834711e-01
      5899.5300                     1.834147e-01
      5899.5400                     1.831900e-01
      5899.5500                     1.829093e-01
      5899.5600                     1.828154e-01
      5899.5700                     1.830207e-01
      5899.5800                     1.832633e-01
      5899.5900                     1.833564e-01
      5899.6000                     1.834307e-01
      5899.6100                     1.834864e-01
      5899.6200                     1.835048e-01
      5899.6300                     1.835418e-01
      5899.6400                     1.836162e-01
      5899.6500                     1.836905e-01
      5899.6600                     1.837275e-01
      5899.6700                     1.837832e-01
      5899.6800                     1.838763e-01
      5899.6900                     1.838946e-01
      5899.7000                     1.838755e-01
      5899.7100                     1.838565e-01
      5899.7200                     1.838000e-01
      5899.7300                     1.836501e-01
      5899.7400                     1.834815e-01
      5899.7500                     1.831821e-01
      5899.7600                     1.822846e-01
      5899.7700                     1.805087e-01
      5899.7800                     1.780599e-01
      5899.7900                     1.760597e-01
      5899.8000                     1.744147e-01
      5899.8100                     1.722463e-01
      5899.8200                     1.695920e-01
      5899.8300                     1.670498e-01
      5899.8400                     1.650870e-01
      5899.8500                     1.640401e-01
      5899.8600                     1.640958e-01
      5899.8700                     1.651234e-01
      5899.8800                     1.670668e-01
      5899.8900                     1.695148e-01
      5899.9000                     1.721310e-01
      5899.9100                     1.746350e-01
      5899.9200                     1.768400e-01
      5899.9300                     1.786712e-01
      5899.9400                     1.802221e-01
      5899.9500                     1.814178e-01
      5899.9600                     1.822772e-01
      5899.9700                     1.829309e-01
      5899.9800                     1.834165e-01
      5899.9900                     1.837525e-01
      5900.0000                     1.840324e-01
      5900.0100                     1.842563e-01
      5900.0200                     1.843868e-01
      5900.0300                     1.844425e-01
      5900.0400                     1.844047e-01
      5900.0500                     1.844230e-01
      5900.0600                     1.844040e-01
      5900.0700                     1.843849e-01
      5900.0800                     1.843285e-01
      5900.0900                     1.841973e-01
      5900.1000                     1.839913e-01
      5900.1100                     1.838040e-01
      5900.1200                     1.836728e-01
      5900.1300                     1.836164e-01
      5900.1400                     1.836347e-01
      5900.1500                     1.836904e-01
      5900.1600                     1.837835e-01
      5900.1700                     1.838578e-01
      5900.1800                     1.839509e-01
      5900.1900                     1.840440e-01
      5900.2000                     1.841370e-01
      5900.2100                     1.842114e-01
      5900.2200                     1.842671e-01
      5900.2300                     1.843228e-01
      5900.2400                     1.843224e-01
      5900.2500                     1.843407e-01
      5900.2600                     1.843777e-01
      5900.2700                     1.843587e-01
      5900.2800                     1.843396e-01
      5900.2900                     1.843392e-01
      5900.3000                     1.843575e-01
      5900.3100                     1.843198e-01
      5900.3200                     1.843007e-01
      5900.3300                     1.842256e-01
      5900.3400                     1.841131e-01
      5900.3500                     1.840379e-01
      5900.3600                     1.839628e-01
      5900.3700                     1.838316e-01
      5900.3800                     1.837565e-01
      5900.3900                     1.836814e-01
      5900.4000                     1.836810e-01
      5900.4100                     1.838114e-01
      5900.4200                     1.839792e-01
      5900.4300                     1.841470e-01
      5900.4400                     1.842962e-01
      5900.4500                     1.844079e-01
      5900.4600                     1.845383e-01
      5900.4700                     1.846314e-01
      5900.4800                     1.846871e-01
      5900.4900                     1.847241e-01
      5900.5000                     1.847050e-01
      5900.5100                     1.845738e-01
      5900.5200                     1.845921e-01
      5900.5300                     1.847599e-01
      5900.5400                     1.849651e-01
      5900.5500                     1.850769e-01
      5900.5600                     1.851139e-01
      5900.5700                     1.851882e-01
      5900.5800                     1.851878e-01
      5900.5900                     1.850940e-01
      5900.6000                     1.848694e-01
      5900.6100                     1.845514e-01
      5900.6200                     1.843641e-01
      5900.6300                     1.843450e-01
      5900.6400                     1.842512e-01
      5900.6500                     1.839332e-01
      5900.6600                     1.834656e-01
      5900.6700                     1.828673e-01
      5900.6800                     1.823063e-01
      5900.6900                     1.818761e-01
      5900.7000                     1.816515e-01
      5900.7100                     1.816138e-01
      5900.7200                     1.818190e-01
      5900.7300                     1.821923e-01
      5900.7400                     1.826404e-01
      5900.7500                     1.830511e-01
      5900.7600                     1.833684e-01
      5900.7700                     1.835923e-01
      5900.7800                     1.837227e-01
      5900.7900                     1.837037e-01
      5900.8000                     1.834604e-01
      5900.8100                     1.829742e-01
      5900.8200                     1.822263e-01
      5900.8300                     1.810674e-01
      5900.8400                     1.792732e-01
      5900.8500                     1.766568e-01
      5900.8600                     1.729193e-01
      5900.8700                     1.679858e-01
      5900.8800                     1.618192e-01
      5900.8900                     1.547556e-01
      5900.9000                     1.472623e-01
      5900.9100                     1.402175e-01
      5900.9200                     1.345928e-01
      5900.9300                     1.313413e-01
      5900.9400                     1.309486e-01
      5900.9500                     1.333027e-01
      5900.9600                     1.381794e-01
      5900.9700                     1.445134e-01
      5900.9800                     1.513894e-01
      5900.9900                     1.580224e-01
      5901.0000                     1.638332e-01
      5901.0100                     1.684295e-01
      5901.0200                     1.719980e-01
      5901.0300                     1.744641e-01
      5901.0400                     1.760707e-01
      5901.0500                     1.768364e-01
      5901.0600                     1.770042e-01
      5901.0700                     1.766675e-01
      5901.0800                     1.757890e-01
      5901.0900                     1.744993e-01
      5901.1000                     1.728547e-01
      5901.1100                     1.709485e-01
      5901.1200                     1.688554e-01
      5901.1300                     1.667250e-01
      5901.1400                     1.647441e-01
      5901.1500                     1.632116e-01
      5901.1600                     1.622023e-01
      5901.1700                     1.618843e-01
      5901.1800                     1.622577e-01
      5901.1900                     1.632476e-01
      5901.2000                     1.647234e-01
      5901.2100                     1.664233e-01
      5901.2200                     1.682167e-01
      5901.2300                     1.700100e-01
      5901.2400                     1.716913e-01
      5901.2500                     1.732231e-01
      5901.2600                     1.745867e-01
      5901.2700                     1.758382e-01
      5901.2800                     1.769402e-01
      5901.2900                     1.778740e-01
      5901.3000                     1.786958e-01
      5901.3100                     1.794428e-01
      5901.3200                     1.800590e-01
      5901.3300                     1.806191e-01
      5901.3400                     1.810859e-01
      5901.3500                     1.814965e-01
      5901.3600                     1.818698e-01
      5901.3700                     1.821497e-01
      5901.3800                     1.824109e-01
      5901.3900                     1.826721e-01
      5901.4000                     1.828399e-01
      5901.4100                     1.829143e-01
      5901.4200                     1.829513e-01
      5901.4300                     1.830069e-01
      5901.4400                     1.831000e-01
      5901.4500                     1.832864e-01
      5901.4600                     1.834916e-01
      5901.4700                     1.836594e-01
      5901.4800                     1.838085e-01
      5901.4900                     1.839762e-01
      5901.5000                     1.841627e-01
      5901.5100                     1.843305e-01
      5901.5200                     1.844235e-01
      5901.5300                     1.844792e-01
      5901.5400                     1.845349e-01
      5901.5500                     1.848334e-01
      5901.5600                     1.853188e-01
      5901.5700                     1.855239e-01
      5901.5800                     1.854862e-01
      5901.5900                     1.854858e-01
      5901.6000                     1.854667e-01
      5901.6100                     1.854477e-01
      5901.6200                     1.854286e-01
      5901.6300                     1.854282e-01
      5901.6400                     1.854092e-01
      5901.6500                     1.853901e-01
      5901.6600                     1.853710e-01
      5901.6700                     1.853520e-01
      5901.6800                     1.853516e-01
      5901.6900                     1.853325e-01
      5901.7000                     1.852948e-01
      5901.7100                     1.853318e-01
      5901.7200                     1.852753e-01
      5901.7300                     1.853310e-01
      5901.7400                     1.853493e-01
      5901.7500                     1.852742e-01
      5901.7600                     1.851804e-01
      5901.7700                     1.851613e-01
      5901.7800                     1.851797e-01
      5901.7900                     1.852166e-01
      5901.8000                     1.851789e-01
      5901.8100                     1.851038e-01
      5901.8200                     1.850660e-01
      5901.8300                     1.851030e-01
      5901.8400                     1.851587e-01
      5901.8500                     1.851583e-01
      5901.8600                     1.851392e-01
      5901.8700                     1.851389e-01
      5901.8800                     1.851759e-01
      5901.8900                     1.852315e-01
      5901.9000                     1.852685e-01
      5901.9100                     1.852681e-01
      5901.9200                     1.852677e-01
      5901.9300                     1.852860e-01
      5901.9400                     1.853417e-01
      5901.9500                     1.854160e-01
      5901.9600                     1.854717e-01
      5901.9700                     1.854713e-01
      5901.9800                     1.854896e-01
      5901.9900                     1.855266e-01
      5902.0000                     1.855449e-01
