                       g_value (photons/atom/s)
Velocity (km/s)      7667.01 A           7701.08 A
    -50.0          1.375558e+02        6.951435e+01
    -49.9          1.375545e+02        6.951697e+01
    -49.8          1.375533e+02        6.951958e+01
    -49.7          1.375520e+02        6.952213e+01
    -49.6          1.375507e+02        6.952467e+01
    -49.5          1.375495e+02        6.952722e+01
    -49.4          1.375482e+02        6.952955e+01
    -49.3          1.375470e+02        6.953158e+01
    -49.2          1.375457e+02        6.953360e+01
    -49.1          1.375445e+02        6.953563e+01
    -49.0          1.375433e+02        6.953759e+01
    -48.9          1.375421e+02        6.953947e+01
    -48.8          1.375408e+02        6.954135e+01
    -48.7          1.375396e+02        6.954322e+01
    -48.6          1.375383e+02        6.954489e+01
    -48.5          1.375370e+02        6.954642e+01
    -48.4          1.375357e+02        6.954795e+01
    -48.3          1.375344e+02        6.954948e+01
    -48.2          1.375331e+02        6.955100e+01
    -48.1          1.375318e+02        6.955253e+01
    -48.0          1.375302e+02        6.955405e+01
    -47.9          1.375287e+02        6.955557e+01
    -47.8          1.375272e+02        6.955666e+01
    -47.7          1.375257e+02        6.955766e+01
    -47.6          1.375244e+02        6.955867e+01
    -47.5          1.375230e+02        6.955967e+01
    -47.4          1.375217e+02        6.956066e+01
    -47.3          1.375204e+02        6.956165e+01
    -47.2          1.375191e+02        6.956264e+01
    -47.1          1.375177e+02        6.956362e+01
    -47.0          1.375164e+02        6.956433e+01
    -46.9          1.375150e+02        6.956503e+01
    -46.8          1.375135e+02        6.956574e+01
    -46.7          1.375119e+02        6.956644e+01
    -46.6          1.375104e+02        6.956702e+01
    -46.5          1.375089e+02        6.956761e+01
    -46.4          1.375073e+02        6.956820e+01
    -46.3          1.375058e+02        6.956872e+01
    -46.2          1.375042e+02        6.956906e+01
    -46.1          1.375026e+02        6.956940e+01
    -46.0          1.375010e+02        6.956974e+01
    -45.9          1.374993e+02        6.957007e+01
    -45.8          1.374977e+02        6.957036e+01
    -45.7          1.374961e+02        6.957065e+01
    -45.6          1.374944e+02        6.957094e+01
    -45.5          1.374928e+02        6.957123e+01
    -45.4          1.374912e+02        6.957152e+01
    -45.3          1.374896e+02        6.957180e+01
    -45.2          1.374880e+02        6.957208e+01
    -45.1          1.374864e+02        6.957224e+01
    -45.0          1.374849e+02        6.957232e+01
    -44.9          1.374831e+02        6.957241e+01
    -44.8          1.374814e+02        6.957250e+01
    -44.7          1.374797e+02        6.957260e+01
    -44.6          1.374779e+02        6.957270e+01
    -44.5          1.374760e+02        6.957281e+01
    -44.4          1.374741e+02        6.957292e+01
    -44.3          1.374722e+02        6.957292e+01
    -44.2          1.374703e+02        6.957289e+01
    -44.1          1.374685e+02        6.957287e+01
    -44.0          1.374667e+02        6.957284e+01
    -43.9          1.374649e+02        6.957280e+01
    -43.8          1.374631e+02        6.957276e+01
    -43.7          1.374612e+02        6.957272e+01
    -43.6          1.374593e+02        6.957268e+01
    -43.5          1.374574e+02        6.957265e+01
    -43.4          1.374555e+02        6.957263e+01
    -43.3          1.374537e+02        6.957260e+01
    -43.2          1.374519e+02        6.957257e+01
    -43.1          1.374501e+02        6.957255e+01
    -43.0          1.374483e+02        6.957252e+01
    -42.9          1.374464e+02        6.957250e+01
    -42.8          1.374445e+02        6.957243e+01
    -42.7          1.374426e+02        6.957223e+01
    -42.6          1.374407e+02        6.957203e+01
    -42.5          1.374385e+02        6.957183e+01
    -42.4          1.374363e+02        6.957167e+01
    -42.3          1.374342e+02        6.957162e+01
    -42.2          1.374320e+02        6.957156e+01
    -42.1          1.374300e+02        6.957151e+01
    -42.0          1.374279e+02        6.957139e+01
    -41.9          1.374259e+02        6.957121e+01
    -41.8          1.374238e+02        6.957103e+01
    -41.7          1.374218e+02        6.957084e+01
    -41.6          1.374197e+02        6.957065e+01
    -41.5          1.374177e+02        6.957045e+01
    -41.4          1.374154e+02        6.957025e+01
    -41.3          1.374129e+02        6.957004e+01
    -41.2          1.374104e+02        6.956983e+01
    -41.1          1.374079e+02        6.956962e+01
    -41.0          1.374056e+02        6.956941e+01
    -40.9          1.374034e+02        6.956920e+01
    -40.8          1.374012e+02        6.956901e+01
    -40.7          1.373990e+02        6.956884e+01
    -40.6          1.373967e+02        6.956866e+01
    -40.5          1.373943e+02        6.956849e+01
    -40.4          1.373920e+02        6.956827e+01
    -40.3          1.373896e+02        6.956805e+01
    -40.2          1.373870e+02        6.956783e+01
    -40.1          1.373843e+02        6.956761e+01
    -40.0          1.373815e+02        6.956736e+01
    -39.9          1.373788e+02        6.956711e+01
    -39.8          1.373763e+02        6.956686e+01
    -39.7          1.373738e+02        6.956660e+01
    -39.6          1.373713e+02        6.956628e+01
    -39.5          1.373687e+02        6.956595e+01
    -39.4          1.373662e+02        6.956563e+01
    -39.3          1.373637e+02        6.956531e+01
    -39.2          1.373612e+02        6.956497e+01
    -39.1          1.373586e+02        6.956464e+01
    -39.0          1.373559e+02        6.956430e+01
    -38.9          1.373531e+02        6.956397e+01
    -38.8          1.373504e+02        6.956364e+01
    -38.7          1.373476e+02        6.956331e+01
    -38.6          1.373445e+02        6.956299e+01
    -38.5          1.373414e+02        6.956266e+01
    -38.4          1.373383e+02        6.956232e+01
    -38.3          1.373352e+02        6.956199e+01
    -38.2          1.373322e+02        6.956165e+01
    -38.1          1.373292e+02        6.956126e+01
    -38.0          1.373262e+02        6.956082e+01
    -37.9          1.373232e+02        6.956039e+01
    -37.8          1.373200e+02        6.955995e+01
    -37.7          1.373169e+02        6.955950e+01
    -37.6          1.373138e+02        6.955905e+01
    -37.5          1.373108e+02        6.955859e+01
    -37.4          1.373078e+02        6.955814e+01
    -37.3          1.373048e+02        6.955770e+01
    -37.2          1.373019e+02        6.955726e+01
    -37.1          1.372986e+02        6.955682e+01
    -37.0          1.372951e+02        6.955638e+01
    -36.9          1.372917e+02        6.955579e+01
    -36.8          1.372882e+02        6.955514e+01
    -36.7          1.372848e+02        6.955449e+01
    -36.6          1.372814e+02        6.955384e+01
    -36.5          1.372779e+02        6.955316e+01
    -36.4          1.372745e+02        6.955248e+01
    -36.3          1.372709e+02        6.955180e+01
    -36.2          1.372671e+02        6.955112e+01
    -36.1          1.372634e+02        6.955036e+01
    -36.0          1.372597e+02        6.954960e+01
    -35.9          1.372561e+02        6.954884e+01
    -35.8          1.372526e+02        6.954805e+01
    -35.7          1.372490e+02        6.954708e+01
    -35.6          1.372455e+02        6.954612e+01
    -35.5          1.372414e+02        6.954515e+01
    -35.4          1.372373e+02        6.954412e+01
    -35.3          1.372332e+02        6.954297e+01
    -35.2          1.372291e+02        6.954181e+01
    -35.1          1.372252e+02        6.954065e+01
    -35.0          1.372213e+02        6.953945e+01
    -34.9          1.372174e+02        6.953818e+01
    -34.8          1.372134e+02        6.953691e+01
    -34.7          1.372091e+02        6.953564e+01
    -34.6          1.372047e+02        6.953417e+01
    -34.5          1.372004e+02        6.953253e+01
    -34.4          1.371960e+02        6.953089e+01
    -34.3          1.371918e+02        6.952924e+01
    -34.2          1.371875e+02        6.952743e+01
    -34.1          1.371832e+02        6.952545e+01
    -34.0          1.371788e+02        6.952348e+01
    -33.9          1.371742e+02        6.952151e+01
    -33.8          1.371696e+02        6.951928e+01
    -33.7          1.371650e+02        6.951696e+01
    -33.6          1.371603e+02        6.951464e+01
    -33.5          1.371556e+02        6.951232e+01
    -33.4          1.371508e+02        6.950952e+01
    -33.3          1.371461e+02        6.950655e+01
    -33.2          1.371411e+02        6.950358e+01
    -33.1          1.371358e+02        6.950061e+01
    -33.0          1.371305e+02        6.949706e+01
    -32.9          1.371252e+02        6.949347e+01
    -32.8          1.371200e+02        6.948987e+01
    -32.7          1.371148e+02        6.948628e+01
    -32.6          1.371097e+02        6.948155e+01
    -32.5          1.371045e+02        6.947675e+01
    -32.4          1.370992e+02        6.947195e+01
    -32.3          1.370936e+02        6.946703e+01
    -32.2          1.370880e+02        6.946139e+01
    -32.1          1.370824e+02        6.945574e+01
    -32.0          1.370769e+02        6.945009e+01
    -31.9          1.370713e+02        6.944413e+01
    -31.8          1.370658e+02        6.943644e+01
    -31.7          1.370603e+02        6.942875e+01
    -31.6          1.370542e+02        6.942106e+01
    -31.5          1.370481e+02        6.941288e+01
    -31.4          1.370419e+02        6.940380e+01
    -31.3          1.370357e+02        6.939473e+01
    -31.2          1.370294e+02        6.938565e+01
    -31.1          1.370232e+02        6.937569e+01
    -31.0          1.370169e+02        6.936415e+01
    -30.9          1.370107e+02        6.935261e+01
    -30.8          1.370039e+02        6.934107e+01
    -30.7          1.369971e+02        6.932849e+01
    -30.6          1.369902e+02        6.931509e+01
    -30.5          1.369834e+02        6.930168e+01
    -30.4          1.369764e+02        6.928828e+01
    -30.3          1.369694e+02        6.927354e+01
    -30.2          1.369625e+02        6.925778e+01
    -30.1          1.369555e+02        6.924202e+01
    -30.0          1.369481e+02        6.922626e+01
    -29.9          1.369407e+02        6.921025e+01
    -29.8          1.369333e+02        6.919418e+01
    -29.7          1.369259e+02        6.917810e+01
    -29.6          1.369185e+02        6.916202e+01
    -29.5          1.369112e+02        6.914554e+01
    -29.4          1.369038e+02        6.912894e+01
    -29.3          1.368961e+02        6.911235e+01
    -29.2          1.368875e+02        6.909576e+01
    -29.1          1.368789e+02        6.908184e+01
    -29.0          1.368703e+02        6.906800e+01
    -28.9          1.368616e+02        6.905415e+01
    -28.8          1.368529e+02        6.904031e+01
    -28.7          1.368441e+02        6.902953e+01
    -28.6          1.368354e+02        6.901881e+01
    -28.5          1.368266e+02        6.900808e+01
    -28.4          1.368178e+02        6.899833e+01
    -28.3          1.368090e+02        6.899304e+01
    -28.2          1.368002e+02        6.898774e+01
    -28.1          1.367909e+02        6.898245e+01
    -28.0          1.367811e+02        6.897820e+01
    -27.9          1.367714e+02        6.897854e+01
    -27.8          1.367617e+02        6.897887e+01
    -27.7          1.367520e+02        6.897921e+01
    -27.6          1.367423e+02        6.898139e+01
    -27.5          1.367327e+02        6.898653e+01
    -27.4          1.367230e+02        6.899167e+01
    -27.3          1.367124e+02        6.899681e+01
    -27.2          1.367015e+02        6.900379e+01
    -27.1          1.366907e+02        6.901364e+01
    -27.0          1.366798e+02        6.902348e+01
    -26.9          1.366687e+02        6.903332e+01
    -26.8          1.366575e+02        6.904414e+01
    -26.7          1.366464e+02        6.905564e+01
    -26.6          1.366352e+02        6.906713e+01
    -26.5          1.366233e+02        6.907863e+01
    -26.4          1.366115e+02        6.909089e+01
    -26.3          1.365996e+02        6.910366e+01
    -26.2          1.365876e+02        6.911643e+01
    -26.1          1.365754e+02        6.912920e+01
    -26.0          1.365632e+02        6.914108e+01
    -25.9          1.365510e+02        6.915274e+01
    -25.8          1.365386e+02        6.916439e+01
    -25.7          1.365247e+02        6.917604e+01
    -25.6          1.365109e+02        6.918517e+01
    -25.5          1.364970e+02        6.919429e+01
    -25.4          1.364832e+02        6.920341e+01
    -25.3          1.364695e+02        6.921252e+01
    -25.2          1.364559e+02        6.921938e+01
    -25.1          1.364422e+02        6.922625e+01
    -25.0          1.364281e+02        6.923312e+01
    -24.9          1.364132e+02        6.923941e+01
    -24.8          1.363982e+02        6.924341e+01
    -24.7          1.363832e+02        6.924742e+01
    -24.6          1.363680e+02        6.925143e+01
    -24.5          1.363524e+02        6.925489e+01
    -24.4          1.363368e+02        6.925631e+01
    -24.3          1.363212e+02        6.925773e+01
    -24.2          1.363049e+02        6.925914e+01
    -24.1          1.362878e+02        6.925976e+01
    -24.0          1.362707e+02        6.925923e+01
    -23.9          1.362536e+02        6.925869e+01
    -23.8          1.362365e+02        6.925815e+01
    -23.7          1.362193e+02        6.925688e+01
    -23.6          1.362022e+02        6.925456e+01
    -23.5          1.361851e+02        6.925225e+01
    -23.4          1.361666e+02        6.924994e+01
    -23.3          1.361474e+02        6.924682e+01
    -23.2          1.361282e+02        6.924319e+01
    -23.1          1.361090e+02        6.923957e+01
    -23.0          1.360897e+02        6.923595e+01
    -22.9          1.360704e+02        6.923152e+01
    -22.8          1.360511e+02        6.922661e+01
    -22.7          1.360318e+02        6.922170e+01
    -22.6          1.360106e+02        6.921679e+01
    -22.5          1.359890e+02        6.921162e+01
    -22.4          1.359673e+02        6.920639e+01
    -22.3          1.359457e+02        6.920117e+01
    -22.2          1.359241e+02        6.919595e+01
    -22.1          1.359025e+02        6.919017e+01
    -22.0          1.358810e+02        6.918428e+01
    -21.9          1.358594e+02        6.917838e+01
    -21.8          1.358351e+02        6.917250e+01
    -21.7          1.358108e+02        6.916688e+01
    -21.6          1.357865e+02        6.916126e+01
    -21.5          1.357622e+02        6.915564e+01
    -21.4          1.357379e+02        6.915001e+01
    -21.3          1.357135e+02        6.914415e+01
    -21.2          1.356891e+02        6.913829e+01
    -21.1          1.356643e+02        6.913243e+01
    -21.0          1.356373e+02        6.912670e+01
    -20.9          1.356104e+02        6.912139e+01
    -20.8          1.355834e+02        6.911608e+01
    -20.7          1.355564e+02        6.911077e+01
    -20.6          1.355293e+02        6.910555e+01
    -20.5          1.355023e+02        6.910060e+01
    -20.4          1.354752e+02        6.909564e+01
    -20.3          1.354471e+02        6.909069e+01
    -20.2          1.354167e+02        6.908608e+01
    -20.1          1.353864e+02        6.908192e+01
    -20.0          1.353561e+02        6.907776e+01
    -19.9          1.353258e+02        6.907360e+01
    -19.8          1.352957e+02        6.906970e+01
    -19.7          1.352656e+02        6.906613e+01
    -19.6          1.352355e+02        6.906255e+01
    -19.5          1.352038e+02        6.905898e+01
    -19.4          1.351705e+02        6.905590e+01
    -19.3          1.351372e+02        6.905310e+01
    -19.2          1.351039e+02        6.905030e+01
    -19.1          1.350693e+02        6.904749e+01
    -19.0          1.350340e+02        6.904508e+01
    -18.9          1.349987e+02        6.904287e+01
    -18.8          1.349634e+02        6.904066e+01
    -18.7          1.349281e+02        6.903845e+01
    -18.6          1.348928e+02        6.903673e+01
    -18.5          1.348575e+02        6.903509e+01
    -18.4          1.348222e+02        6.903346e+01
    -18.3          1.347840e+02        6.903182e+01
    -18.2          1.347453e+02        6.903043e+01
    -18.1          1.347067e+02        6.902909e+01
    -18.0          1.346681e+02        6.902774e+01
    -17.9          1.346294e+02        6.902641e+01
    -17.8          1.345908e+02        6.902532e+01
    -17.7          1.345521e+02        6.902423e+01
    -17.6          1.345133e+02        6.902315e+01
    -17.5          1.344706e+02        6.902206e+01
    -17.4          1.344279e+02        6.902093e+01
    -17.3          1.343852e+02        6.901981e+01
    -17.2          1.343425e+02        6.901868e+01
    -17.1          1.343000e+02        6.901751e+01
    -17.0          1.342574e+02        6.901619e+01
    -16.9          1.342149e+02        6.901488e+01
    -16.8          1.341716e+02        6.901356e+01
    -16.7          1.341254e+02        6.901207e+01
    -16.6          1.340793e+02        6.901012e+01
    -16.5          1.340331e+02        6.900816e+01
    -16.4          1.339868e+02        6.900621e+01
    -16.3          1.339404e+02        6.900390e+01
    -16.2          1.338940e+02        6.900120e+01
    -16.1          1.338476e+02        6.899849e+01
    -16.0          1.337994e+02        6.899579e+01
    -15.9          1.337485e+02        6.899234e+01
    -15.8          1.336976e+02        6.898852e+01
    -15.7          1.336467e+02        6.898470e+01
    -15.6          1.335962e+02        6.898089e+01
    -15.5          1.335460e+02        6.897603e+01
    -15.4          1.334958e+02        6.897068e+01
    -15.3          1.334456e+02        6.896534e+01
    -15.2          1.333924e+02        6.895999e+01
    -15.1          1.333368e+02        6.895344e+01
    -15.0          1.332812e+02        6.894672e+01
    -14.9          1.332256e+02        6.894000e+01
    -14.8          1.331700e+02        6.893328e+01
    -14.7          1.331144e+02        6.892447e+01
    -14.6          1.330588e+02        6.891540e+01
    -14.5          1.330032e+02        6.890633e+01
    -14.4          1.329436e+02        6.889710e+01
    -14.3          1.328826e+02        6.888624e+01
    -14.2          1.328215e+02        6.887537e+01
    -14.1          1.327605e+02        6.886451e+01
    -14.0          1.326991e+02        6.885336e+01
    -13.9          1.326376e+02        6.883945e+01
    -13.8          1.325761e+02        6.882555e+01
    -13.7          1.325146e+02        6.881164e+01
    -13.6          1.324469e+02        6.879707e+01
    -13.5          1.323784e+02        6.878088e+01
    -13.4          1.323100e+02        6.876470e+01
    -13.3          1.322414e+02        6.874851e+01
    -13.2          1.321715e+02        6.873104e+01
    -13.1          1.321016e+02        6.871057e+01
    -13.0          1.320317e+02        6.869010e+01
    -12.9          1.319613e+02        6.866962e+01
    -12.8          1.318830e+02        6.864787e+01
    -12.7          1.318047e+02        6.862482e+01
    -12.6          1.317264e+02        6.860177e+01
    -12.5          1.316474e+02        6.857872e+01
    -12.4          1.315660e+02        6.855290e+01
    -12.3          1.314846e+02        6.852438e+01
    -12.2          1.314032e+02        6.849585e+01
    -12.1          1.313190e+02        6.846733e+01
    -12.0          1.312257e+02        6.843607e+01
    -11.9          1.311324e+02        6.840364e+01
    -11.8          1.310391e+02        6.837122e+01
    -11.7          1.309437e+02        6.833880e+01
    -11.6          1.308455e+02        6.830107e+01
    -11.5          1.307473e+02        6.826119e+01
    -11.4          1.306491e+02        6.822132e+01
    -11.3          1.305439e+02        6.818144e+01
    -11.2          1.304288e+02        6.813731e+01
    -11.1          1.303137e+02        6.809277e+01
    -11.0          1.301986e+02        6.804822e+01
    -10.9          1.300780e+02        6.800368e+01
    -10.8          1.299536e+02        6.794876e+01
    -10.7          1.298293e+02        6.789294e+01
    -10.6          1.297049e+02        6.783711e+01
    -10.5          1.295665e+02        6.778047e+01
    -10.4          1.294182e+02        6.771777e+01
    -10.3          1.292698e+02        6.765507e+01
    -10.2          1.291215e+02        6.759236e+01
    -10.1          1.289620e+02        6.752777e+01
    -10.0          1.287991e+02        6.745000e+01
     -9.9          1.286363e+02        6.737224e+01
     -9.8          1.284734e+02        6.729448e+01
     -9.7          1.282819e+02        6.721289e+01
     -9.6          1.280812e+02        6.712330e+01
     -9.5          1.278805e+02        6.703371e+01
     -9.4          1.276797e+02        6.694412e+01
     -9.3          1.274467e+02        6.684688e+01
     -9.2          1.272115e+02        6.673425e+01
     -9.1          1.269762e+02        6.662161e+01
     -9.0          1.267375e+02        6.650898e+01
     -8.9          1.264727e+02        6.638787e+01
     -8.8          1.262078e+02        6.625924e+01
     -8.7          1.259430e+02        6.613061e+01
     -8.6          1.256701e+02        6.600198e+01
     -8.5          1.253328e+02        6.585347e+01
     -8.4          1.249954e+02        6.568793e+01
     -8.3          1.246580e+02        6.552239e+01
     -8.2          1.243061e+02        6.535684e+01
     -8.1          1.239192e+02        6.517148e+01
     -8.0          1.235322e+02        6.497905e+01
     -7.9          1.231452e+02        6.478662e+01
     -7.8          1.227288e+02        6.459418e+01
     -7.7          1.222375e+02        6.436174e+01
     -7.6          1.217462e+02        6.411561e+01
     -7.5          1.212548e+02        6.386948e+01
     -7.4          1.207239e+02        6.362336e+01
     -7.3          1.201471e+02        6.333559e+01
     -7.2          1.195703e+02        6.304532e+01
     -7.1          1.189935e+02        6.275506e+01
     -7.0          1.183401e+02        6.246479e+01
     -6.9          1.175944e+02        6.209147e+01
     -6.8          1.168487e+02        6.171393e+01
     -6.7          1.161031e+02        6.133638e+01
     -6.6          1.152792e+02        6.094612e+01
     -6.5          1.144105e+02        6.048375e+01
     -6.4          1.135417e+02        6.002138e+01
     -6.3          1.126729e+02        5.955901e+01
     -6.2          1.116464e+02        5.906890e+01
     -6.1          1.105254e+02        5.852687e+01
     -6.0          1.094044e+02        5.798483e+01
     -5.9          1.082834e+02        5.744280e+01
     -5.8          1.070052e+02        5.684493e+01
     -5.7          1.056894e+02        5.614626e+01
     -5.6          1.043736e+02        5.544758e+01
     -5.5          1.030577e+02        5.474890e+01
     -5.4          1.014674e+02        5.399690e+01
     -5.3          9.980729e+01        5.320211e+01
     -5.2          9.814714e+01        5.240731e+01
     -5.1          9.648699e+01        5.161251e+01
     -5.0          9.462398e+01        5.071321e+01
     -4.9          9.275651e+01        4.973273e+01
     -4.8          9.088904e+01        4.875226e+01
     -4.7          8.902157e+01        4.777179e+01
     -4.6          8.674613e+01        4.672014e+01
     -4.5          8.445761e+01        4.564615e+01
     -4.4          8.216909e+01        4.457216e+01
     -4.3          7.986193e+01        4.349817e+01
     -4.2          7.744943e+01        4.230201e+01
     -4.1          7.503692e+01        4.106923e+01
     -4.0          7.262442e+01        3.983645e+01
     -3.9          7.017406e+01        3.860367e+01
     -3.8          6.749267e+01        3.737417e+01
     -3.7          6.481128e+01        3.614479e+01
     -3.6          6.212989e+01        3.491541e+01
     -3.5          5.949040e+01        3.368602e+01
     -3.4          5.693904e+01        3.241311e+01
     -3.3          5.438769e+01        3.113912e+01
     -3.2          5.183633e+01        2.986513e+01
     -3.1          4.930522e+01        2.861736e+01
     -3.0          4.681860e+01        2.749394e+01
     -2.9          4.433199e+01        2.637052e+01
     -2.8          4.184538e+01        2.524710e+01
     -2.7          3.957286e+01        2.414145e+01
     -2.6          3.751962e+01        2.311555e+01
     -2.5          3.546638e+01        2.208965e+01
     -2.4          3.341314e+01        2.106374e+01
     -2.3          3.152070e+01        2.013441e+01
     -2.2          2.979937e+01        1.936227e+01
     -2.1          2.807804e+01        1.859012e+01
     -2.0          2.635671e+01        1.781798e+01
     -1.9          2.499358e+01        1.711478e+01
     -1.8          2.381020e+01        1.652001e+01
     -1.7          2.262683e+01        1.592523e+01
     -1.6          2.144346e+01        1.533046e+01
     -1.5          2.049346e+01        1.486869e+01
     -1.4          1.966568e+01        1.450049e+01
     -1.3          1.883790e+01        1.413229e+01
     -1.2          1.801011e+01        1.376409e+01
     -1.1          1.751015e+01        1.351110e+01
     -1.0          1.707371e+01        1.333644e+01
     -0.9          1.663726e+01        1.316179e+01
     -0.8          1.620082e+01        1.298713e+01
     -0.7          1.604662e+01        1.296794e+01
     -0.6          1.595099e+01        1.298919e+01
     -0.5          1.585536e+01        1.301044e+01
     -0.4          1.576268e+01        1.303169e+01
     -0.3          1.597633e+01        1.320647e+01
     -0.2          1.618997e+01        1.341922e+01
     -0.1          1.640361e+01        1.363196e+01
      0.0          1.661726e+01        1.384471e+01
      0.1          1.717990e+01        1.424681e+01
      0.2          1.774254e+01        1.464891e+01
      0.3          1.830518e+01        1.505101e+01
      0.4          1.894140e+01        1.545510e+01
      0.5          1.990968e+01        1.610022e+01
      0.6          2.087797e+01        1.674535e+01
      0.7          2.184626e+01        1.739047e+01
      0.8          2.295141e+01        1.807059e+01
      0.9          2.429698e+01        1.888521e+01
      1.0          2.564255e+01        1.969983e+01
      1.1          2.698812e+01        2.051446e+01
      1.2          2.851215e+01        2.138033e+01
      1.3          3.036295e+01        2.243371e+01
      1.4          3.221375e+01        2.348709e+01
      1.5          3.406455e+01        2.454048e+01
      1.6          3.607477e+01        2.563429e+01
      1.7          3.822378e+01        2.678560e+01
      1.8          4.037278e+01        2.793691e+01
      1.9          4.252179e+01        2.908821e+01
      2.0          4.488280e+01        3.029503e+01
      2.1          4.743557e+01        3.157814e+01
      2.2          4.998834e+01        3.286125e+01
      2.3          5.254111e+01        3.414436e+01
      2.4          5.508276e+01        3.539187e+01
      2.5          5.761980e+01        3.661750e+01
      2.6          6.015684e+01        3.784313e+01
      2.7          6.269388e+01        3.906876e+01
      2.8          6.529030e+01        4.028626e+01
      2.9          6.791254e+01        4.149894e+01
      3.0          7.053479e+01        4.271162e+01
      3.1          7.315704e+01        4.392431e+01
      3.2          7.550618e+01        4.504139e+01
      3.3          7.781748e+01        4.613833e+01
      3.4          8.012878e+01        4.723527e+01
      3.5          8.244008e+01        4.832778e+01
      3.6          8.462384e+01        4.924174e+01
      3.7          8.678833e+01        5.015570e+01
      3.8          8.895282e+01        5.106966e+01
      3.9          9.109848e+01        5.198001e+01
      4.0          9.288734e+01        5.278258e+01
      4.1          9.467621e+01        5.358515e+01
      4.2          9.646508e+01        5.438772e+01
      4.3          9.824550e+01        5.515202e+01
      4.4          9.982639e+01        5.578869e+01
      4.5          1.014073e+02        5.642535e+01
      4.6          1.029882e+02        5.706202e+01
      4.7          1.044963e+02        5.767818e+01
      4.8          1.057495e+02        5.822897e+01
      4.9          1.070026e+02        5.877977e+01
      5.0          1.082558e+02        5.933056e+01
      5.1          1.094756e+02        5.982513e+01
      5.2          1.105722e+02        6.024729e+01
      5.3          1.116688e+02        6.066945e+01
      5.4          1.127653e+02        6.109160e+01
      5.5          1.137697e+02        6.148596e+01
      5.6          1.146324e+02        6.184568e+01
      5.7          1.154950e+02        6.220540e+01
      5.8          1.163576e+02        6.256513e+01
      5.9          1.171732e+02        6.287340e+01
      6.0          1.179132e+02        6.315319e+01
      6.1          1.186532e+02        6.343298e+01
      6.2          1.193932e+02        6.371277e+01
      6.3          1.200454e+02        6.396473e+01
      6.4          1.206301e+02        6.420182e+01
      6.5          1.212148e+02        6.443892e+01
      6.6          1.217995e+02        6.467601e+01
      6.7          1.223419e+02        6.486786e+01
      6.8          1.228504e+02        6.505173e+01
      6.9          1.233590e+02        6.523560e+01
      7.0          1.238676e+02        6.541948e+01
      7.1          1.242919e+02        6.558224e+01
      7.2          1.246861e+02        6.574152e+01
      7.3          1.250803e+02        6.590079e+01
      7.4          1.254745e+02        6.605813e+01
      7.5          1.258308e+02        6.618301e+01
      7.6          1.261729e+02        6.630788e+01
      7.7          1.265151e+02        6.643276e+01
      7.8          1.268572e+02        6.655656e+01
      7.9          1.271331e+02        6.666470e+01
      8.0          1.274024e+02        6.677284e+01
      8.1          1.276717e+02        6.688098e+01
      8.2          1.279410e+02        6.698344e+01
      8.3          1.281760e+02        6.707000e+01
      8.4          1.284072e+02        6.715655e+01
      8.5          1.286384e+02        6.724311e+01
      8.6          1.288654e+02        6.732691e+01
      8.7          1.290452e+02        6.740334e+01
      8.8          1.292250e+02        6.747976e+01
      8.9          1.294049e+02        6.755618e+01
      9.0          1.295830e+02        6.762536e+01
      9.1          1.297386e+02        6.768636e+01
      9.2          1.298943e+02        6.774736e+01
      9.3          1.300499e+02        6.780835e+01
      9.4          1.301969e+02        6.786629e+01
      9.5          1.303185e+02        6.792087e+01
      9.6          1.304401e+02        6.797545e+01
      9.7          1.305617e+02        6.803004e+01
      9.8          1.306789e+02        6.807788e+01
      9.9          1.307826e+02        6.812250e+01
     10.0          1.308863e+02        6.816711e+01
     10.1          1.309900e+02        6.821172e+01
     10.2          1.310860e+02        6.825305e+01
     10.3          1.311716e+02        6.829285e+01
     10.4          1.312571e+02        6.833265e+01
     10.5          1.313426e+02        6.837245e+01
     10.6          1.314170e+02        6.840623e+01
     10.7          1.314842e+02        6.843922e+01
     10.8          1.315513e+02        6.847220e+01
     10.9          1.316184e+02        6.850518e+01
     11.0          1.316794e+02        6.853544e+01
     11.1          1.317362e+02        6.856537e+01
     11.2          1.317930e+02        6.859529e+01
     11.3          1.318498e+02        6.862476e+01
     11.4          1.318965e+02        6.864954e+01
     11.5          1.319404e+02        6.867431e+01
     11.6          1.319843e+02        6.869908e+01
     11.7          1.320282e+02        6.872365e+01
     11.8          1.320667e+02        6.874633e+01
     11.9          1.321036e+02        6.876900e+01
     12.0          1.321405e+02        6.879168e+01
     12.1          1.321774e+02        6.881326e+01
     12.2          1.322044e+02        6.883224e+01
     12.3          1.322310e+02        6.885121e+01
     12.4          1.322575e+02        6.887019e+01
     12.5          1.322840e+02        6.888874e+01
     12.6          1.323037e+02        6.890632e+01
     12.7          1.323228e+02        6.892390e+01
     12.8          1.323420e+02        6.894148e+01
     12.9          1.323600e+02        6.895801e+01
     13.0          1.323697e+02        6.897349e+01
     13.1          1.323794e+02        6.898897e+01
     13.2          1.323891e+02        6.900446e+01
     13.3          1.323978e+02        6.901826e+01
     13.4          1.323982e+02        6.903133e+01
     13.5          1.323987e+02        6.904440e+01
     13.6          1.323991e+02        6.905747e+01
     13.7          1.323960e+02        6.906989e+01
     13.8          1.323843e+02        6.908203e+01
     13.9          1.323727e+02        6.909417e+01
     14.0          1.323611e+02        6.910631e+01
     14.1          1.323453e+02        6.911678e+01
     14.2          1.323188e+02        6.912708e+01
     14.3          1.322923e+02        6.913738e+01
     14.4          1.322658e+02        6.914768e+01
     14.5          1.322320e+02        6.915740e+01
     14.6          1.321898e+02        6.916706e+01
     14.7          1.321476e+02        6.917672e+01
     14.8          1.321053e+02        6.918623e+01
     14.9          1.320508e+02        6.919452e+01
     15.0          1.319816e+02        6.920281e+01
     15.1          1.319124e+02        6.921110e+01
     15.2          1.318431e+02        6.921934e+01
     15.3          1.317577e+02        6.922712e+01
     15.4          1.316630e+02        6.923491e+01
     15.5          1.315683e+02        6.924270e+01
     15.6          1.314736e+02        6.925009e+01
     15.7          1.313520e+02        6.925666e+01
     15.8          1.312144e+02        6.926323e+01
     15.9          1.310767e+02        6.926979e+01
     16.0          1.309391e+02        6.927630e+01
     16.1          1.307673e+02        6.928269e+01
     16.2          1.305874e+02        6.928909e+01
     16.3          1.304075e+02        6.929548e+01
     16.4          1.302276e+02        6.930131e+01
     16.5          1.299865e+02        6.930663e+01
     16.6          1.297301e+02        6.931195e+01
     16.7          1.294736e+02        6.931728e+01
     16.8          1.292171e+02        6.932251e+01
     16.9          1.288967e+02        6.932767e+01
     17.0          1.285749e+02        6.933283e+01
     17.1          1.282532e+02        6.933798e+01
     17.2          1.279315e+02        6.934264e+01
     17.3          1.274947e+02        6.934711e+01
     17.4          1.270546e+02        6.935158e+01
     17.5          1.266145e+02        6.935606e+01
     17.6          1.261574e+02        6.936030e+01
     17.7          1.256063e+02        6.936446e+01
     17.8          1.250551e+02        6.936863e+01
     17.9          1.245040e+02        6.937279e+01
     18.0          1.239271e+02        6.937647e+01
     18.1          1.231961e+02        6.938013e+01
     18.2          1.224651e+02        6.938378e+01
     18.3          1.217342e+02        6.938743e+01
     18.4          1.209606e+02        6.939096e+01
     18.5          1.200987e+02        6.939448e+01
     18.6          1.192367e+02        6.939801e+01
     18.7          1.183747e+02        6.940145e+01
     18.8          1.174343e+02        6.940436e+01
     18.9          1.163233e+02        6.940728e+01
     19.0          1.152123e+02        6.941019e+01
     19.1          1.141013e+02        6.941311e+01
     19.2          1.129225e+02        6.941607e+01
     19.3          1.116750e+02        6.941903e+01
     19.4          1.104275e+02        6.942199e+01
     19.5          1.091800e+02        6.942482e+01
     19.6          1.078165e+02        6.942742e+01
     19.7          1.063309e+02        6.943001e+01
     19.8          1.048452e+02        6.943260e+01
     19.9          1.033596e+02        6.943508e+01
     20.0          1.017798e+02        6.943738e+01
     20.1          1.001534e+02        6.943967e+01
     20.2          9.852698e+01        6.944197e+01
     20.3          9.690055e+01        6.944420e+01
     20.4          9.528458e+01        6.944639e+01
     20.5          9.367047e+01        6.944859e+01
     20.6          9.205635e+01        6.945078e+01
     20.7          9.044224e+01        6.945283e+01
     20.8          8.877871e+01        6.945478e+01
     20.9          8.710580e+01        6.945674e+01
     21.0          8.543288e+01        6.945869e+01
     21.1          8.376389e+01        6.946057e+01
     21.2          8.227305e+01        6.946244e+01
     21.3          8.078220e+01        6.946431e+01
     21.4          7.929136e+01        6.946618e+01
     21.5          7.780223e+01        6.946787e+01
     21.6          7.645333e+01        6.946951e+01
     21.7          7.510444e+01        6.947115e+01
     21.8          7.375554e+01        6.947278e+01
     21.9          7.246829e+01        6.947431e+01
     22.0          7.143805e+01        6.947582e+01
     22.1          7.040781e+01        6.947734e+01
     22.2          6.937757e+01        6.947886e+01
     22.3          6.839474e+01        6.948038e+01
     22.4          6.762231e+01        6.948190e+01
     22.5          6.684987e+01        6.948342e+01
     22.6          6.607744e+01        6.948488e+01
     22.7          6.544358e+01        6.948609e+01
     22.8          6.505047e+01        6.948730e+01
     22.9          6.465736e+01        6.948850e+01
     23.0          6.426425e+01        6.948969e+01
     23.1          6.399005e+01        6.949083e+01
     23.2          6.393119e+01        6.949198e+01
     23.3          6.387232e+01        6.949312e+01
     23.4          6.381346e+01        6.949429e+01
     23.5          6.392766e+01        6.949550e+01
     23.6          6.419096e+01        6.949671e+01
     23.7          6.445426e+01        6.949792e+01
     23.8          6.471757e+01        6.949900e+01
     23.9          6.515920e+01        6.949997e+01
     24.0          6.576050e+01        6.950095e+01
     24.1          6.636179e+01        6.950192e+01
     24.2          6.696309e+01        6.950288e+01
     24.3          6.773879e+01        6.950382e+01
     24.4          6.858610e+01        6.950476e+01
     24.5          6.943340e+01        6.950571e+01
     24.6          7.028070e+01        6.950644e+01
     24.7          7.130011e+01        6.950712e+01
     24.8          7.239347e+01        6.950780e+01
     24.9          7.348684e+01        6.950848e+01
     25.0          7.458020e+01        6.950922e+01
     25.1          7.573191e+01        6.950998e+01
     25.2          7.689150e+01        6.951075e+01
     25.3          7.805109e+01        6.951151e+01
     25.4          7.921069e+01        6.951225e+01
     25.5          8.043978e+01        6.951299e+01
     25.6          8.167914e+01        6.951372e+01
     25.7          8.291851e+01        6.951446e+01
     25.8          8.415061e+01        6.951486e+01
     25.9          8.525217e+01        6.951527e+01
     26.0          8.635373e+01        6.951568e+01
     26.1          8.745529e+01        6.951608e+01
     26.2          8.855270e+01        6.951649e+01
     26.3          8.955787e+01        6.951690e+01
     26.4          9.056304e+01        6.951731e+01
     26.5          9.156821e+01        6.951770e+01
     26.6          9.251916e+01        6.951797e+01
     26.7          9.328285e+01        6.951824e+01
     26.8          9.404653e+01        6.951851e+01
     26.9          9.481022e+01        6.951868e+01
     27.0          9.554158e+01        6.951871e+01
     27.1          9.615491e+01        6.951874e+01
     27.2          9.676824e+01        6.951877e+01
     27.3          9.738156e+01        6.951872e+01
     27.4          9.793174e+01        6.951854e+01
     27.5          9.838575e+01        6.951837e+01
     27.6          9.883975e+01        6.951819e+01
     27.7          9.929376e+01        6.951777e+01
     27.8          9.972759e+01        6.951720e+01
     27.9          1.001294e+02        6.951662e+01
     28.0          1.005313e+02        6.951604e+01
     28.1          1.009331e+02        6.951524e+01
     28.2          1.013251e+02        6.951431e+01
     28.3          1.017094e+02        6.951338e+01
     28.4          1.020938e+02        6.951244e+01
     28.5          1.024782e+02        6.951129e+01
     28.6          1.029068e+02        6.951009e+01
     28.7          1.033703e+02        6.950888e+01
     28.8          1.038338e+02        6.950768e+01
     28.9          1.042974e+02        6.950583e+01
     29.0          1.048107e+02        6.950385e+01
     29.1          1.053415e+02        6.950186e+01
     29.2          1.058723e+02        6.949986e+01
     29.3          1.064031e+02        6.949749e+01
     29.4          1.070381e+02        6.949512e+01
     29.5          1.077115e+02        6.949275e+01
     29.6          1.083849e+02        6.949035e+01
     29.7          1.090583e+02        6.948736e+01
     29.8          1.098141e+02        6.948436e+01
     29.9          1.105779e+02        6.948136e+01
     30.0          1.113417e+02        6.947820e+01
     30.1          1.121072e+02        6.947453e+01
     30.2          1.128896e+02        6.947085e+01
     30.3          1.136720e+02        6.946718e+01
     30.4          1.144544e+02        6.946333e+01
     30.5          1.152413e+02        6.945897e+01
     30.6          1.160772e+02        6.945461e+01
     30.7          1.169130e+02        6.945025e+01
     30.8          1.177488e+02        6.944569e+01
     30.9          1.185652e+02        6.944088e+01
     31.0          1.193279e+02        6.943607e+01
     31.1          1.200907e+02        6.943127e+01
     31.2          1.208534e+02        6.942619e+01
     31.3          1.216086e+02        6.942077e+01
     31.4          1.223421e+02        6.941536e+01
     31.5          1.230756e+02        6.940994e+01
     31.6          1.238092e+02        6.940442e+01
     31.7          1.244895e+02        6.939885e+01
     31.8          1.251015e+02        6.939327e+01
     31.9          1.257134e+02        6.938769e+01
     32.0          1.263253e+02        6.938193e+01
     32.1          1.269059e+02        6.937607e+01
     32.2          1.274445e+02        6.937021e+01
     32.3          1.279832e+02        6.936435e+01
     32.4          1.285218e+02        6.935873e+01
     32.5          1.289909e+02        6.935316e+01
     32.6          1.294154e+02        6.934758e+01
     32.7          1.298399e+02        6.934204e+01
     32.8          1.302644e+02        6.933716e+01
     32.9          1.306514e+02        6.933228e+01
     33.0          1.310135e+02        6.932741e+01
     33.1          1.313756e+02        6.932257e+01
     33.2          1.317377e+02        6.931838e+01
     33.3          1.320288e+02        6.931420e+01
     33.4          1.322999e+02        6.931001e+01
     33.5          1.325710e+02        6.930611e+01
     33.6          1.328421e+02        6.930301e+01
     33.7          1.330791e+02        6.929991e+01
     33.8          1.333059e+02        6.929682e+01
     33.9          1.335328e+02        6.929401e+01
     34.0          1.337596e+02        6.929198e+01
     34.1          1.339343e+02        6.928994e+01
     34.2          1.341063e+02        6.928791e+01
     34.3          1.342783e+02        6.928658e+01
     34.4          1.344504e+02        6.928604e+01
     34.5          1.345946e+02        6.928551e+01
     34.6          1.347371e+02        6.928497e+01
     34.7          1.348796e+02        6.928507e+01
     34.8          1.350177e+02        6.928588e+01
     34.9          1.351253e+02        6.928669e+01
     35.0          1.352329e+02        6.928749e+01
     35.1          1.353404e+02        6.928924e+01
     35.2          1.354461e+02        6.929145e+01
     35.3          1.355373e+02        6.929366e+01
     35.4          1.356286e+02        6.929586e+01
     35.5          1.357198e+02        6.929898e+01
     35.6          1.358048e+02        6.930252e+01
     35.7          1.358750e+02        6.930606e+01
     35.8          1.359452e+02        6.930960e+01
     35.9          1.360154e+02        6.931381e+01
     36.0          1.360824e+02        6.931811e+01
     36.1          1.361417e+02        6.932241e+01
     36.2          1.362010e+02        6.932671e+01
     36.3          1.362602e+02        6.933206e+01
     36.4          1.363135e+02        6.933755e+01
     36.5          1.363601e+02        6.934303e+01
     36.6          1.364066e+02        6.934853e+01
     36.7          1.364531e+02        6.935414e+01
     36.8          1.364970e+02        6.935976e+01
     36.9          1.365377e+02        6.936538e+01
     37.0          1.365785e+02        6.937104e+01
     37.1          1.366192e+02        6.937717e+01
     37.2          1.366543e+02        6.938329e+01
     37.3          1.366863e+02        6.938941e+01
     37.4          1.367183e+02        6.939541e+01
     37.5          1.367503e+02        6.940109e+01
     37.6          1.367798e+02        6.940678e+01
     37.7          1.368079e+02        6.941246e+01
     37.8          1.368361e+02        6.941818e+01
     37.9          1.368642e+02        6.942399e+01
     38.0          1.368879e+02        6.942981e+01
     38.1          1.369106e+02        6.943562e+01
     38.2          1.369334e+02        6.944104e+01
     38.3          1.369561e+02        6.944608e+01
     38.4          1.369771e+02        6.945112e+01
     38.5          1.369976e+02        6.945616e+01
     38.6          1.370181e+02        6.946107e+01
     38.7          1.370386e+02        6.946584e+01
     38.8          1.370552e+02        6.947061e+01
     38.9          1.370717e+02        6.947538e+01
     39.0          1.370881e+02        6.947957e+01
     39.1          1.371046e+02        6.948352e+01
     39.2          1.371196e+02        6.948746e+01
     39.3          1.371345e+02        6.949141e+01
     39.4          1.371494e+02        6.949498e+01
     39.5          1.371640e+02        6.949840e+01
     39.6          1.371771e+02        6.950183e+01
     39.7          1.371901e+02        6.950525e+01
     39.8          1.372031e+02        6.950807e+01
     39.9          1.372153e+02        6.951083e+01
     40.0          1.372259e+02        6.951359e+01
     40.1          1.372365e+02        6.951635e+01
     40.2          1.372471e+02        6.951858e+01
     40.3          1.372574e+02        6.952077e+01
     40.4          1.372672e+02        6.952296e+01
     40.5          1.372770e+02        6.952507e+01
     40.6          1.372867e+02        6.952667e+01
     40.7          1.372958e+02        6.952827e+01
     40.8          1.373041e+02        6.952987e+01
     40.9          1.373124e+02        6.953142e+01
     41.0          1.373207e+02        6.953260e+01
     41.1          1.373286e+02        6.953378e+01
     41.2          1.373360e+02        6.953495e+01
     41.3          1.373434e+02        6.953599e+01
     41.4          1.373508e+02        6.953673e+01
     41.5          1.373574e+02        6.953746e+01
     41.6          1.373636e+02        6.953820e+01
     41.7          1.373698e+02        6.953879e+01
     41.8          1.373760e+02        6.953909e+01
     41.9          1.373818e+02        6.953939e+01
     42.0          1.373874e+02        6.953968e+01
     42.1          1.373930e+02        6.953981e+01
     42.2          1.373986e+02        6.953979e+01
     42.3          1.374031e+02        6.953976e+01
     42.4          1.374075e+02        6.953974e+01
     42.5          1.374118e+02        6.953920e+01
     42.6          1.374161e+02        6.953847e+01
     42.7          1.374199e+02        6.953774e+01
     42.8          1.374236e+02        6.953701e+01
     42.9          1.374272e+02        6.953602e+01
     43.0          1.374309e+02        6.953494e+01
     43.1          1.374335e+02        6.953387e+01
     43.2          1.374360e+02        6.953279e+01
     43.3          1.374386e+02        6.953097e+01
     43.4          1.374412e+02        6.952910e+01
     43.5          1.374429e+02        6.952723e+01
     43.6          1.374446e+02        6.952536e+01
     43.7          1.374462e+02        6.952278e+01
     43.8          1.374476e+02        6.952016e+01
     43.9          1.374477e+02        6.951753e+01
     44.0          1.374478e+02        6.951479e+01
     44.1          1.374479e+02        6.951130e+01
     44.2          1.374477e+02        6.950781e+01
     44.3          1.374467e+02        6.950432e+01
     44.4          1.374456e+02        6.950068e+01
     44.5          1.374445e+02        6.949620e+01
     44.6          1.374428e+02        6.949171e+01
     44.7          1.374400e+02        6.948723e+01
     44.8          1.374372e+02        6.948251e+01
     44.9          1.374344e+02        6.947735e+01
     45.0          1.374308e+02        6.947219e+01
     45.1          1.374258e+02        6.946703e+01
     45.2          1.374209e+02        6.946150e+01
     45.3          1.374160e+02        6.945528e+01
     45.4          1.374101e+02        6.944906e+01
     45.5          1.374035e+02        6.944284e+01
     45.6          1.373968e+02        6.943664e+01
     45.7          1.373901e+02        6.943045e+01
     45.8          1.373822e+02        6.942426e+01
     45.9          1.373731e+02        6.941807e+01
     46.0          1.373640e+02        6.941169e+01
     46.1          1.373549e+02        6.940518e+01
     46.2          1.373446e+02        6.939866e+01
     46.3          1.373337e+02        6.939214e+01
     46.4          1.373228e+02        6.938621e+01
     46.5          1.373119e+02        6.938047e+01
     46.6          1.372990e+02        6.937474e+01
     46.7          1.372854e+02        6.936900e+01
     46.8          1.372717e+02        6.936385e+01
     46.9          1.372581e+02        6.935887e+01
     47.0          1.372440e+02        6.935390e+01
     47.1          1.372299e+02        6.934893e+01
     47.2          1.372158e+02        6.934579e+01
     47.3          1.372016e+02        6.934271e+01
     47.4          1.371858e+02        6.933963e+01
     47.5          1.371698e+02        6.933655e+01
     47.6          1.371538e+02        6.933530e+01
     47.7          1.371378e+02        6.933411e+01
     47.8          1.371223e+02        6.933291e+01
     47.9          1.371068e+02        6.933202e+01
     48.0          1.370913e+02        6.933261e+01
     48.1          1.370758e+02        6.933320e+01
     48.2          1.370603e+02        6.933380e+01
     48.3          1.370449e+02        6.933480e+01
     48.4          1.370294e+02        6.933766e+01
     48.5          1.370144e+02        6.934052e+01
     48.6          1.370012e+02        6.934338e+01
     48.7          1.369879e+02        6.934679e+01
     48.8          1.369746e+02        6.935109e+01
     48.9          1.369617e+02        6.935538e+01
     49.0          1.369499e+02        6.935968e+01
     49.1          1.369382e+02        6.936453e+01
     49.2          1.369265e+02        6.937024e+01
     49.3          1.369161e+02        6.937595e+01
     49.4          1.369077e+02        6.938166e+01
     49.5          1.368993e+02        6.938755e+01
     49.6          1.368908e+02        6.939358e+01
     49.7          1.368824e+02        6.939960e+01
     49.8          1.368740e+02        6.940562e+01
     49.9          1.368656e+02        6.941165e+01
     50.0          1.368572e+02        6.941767e+01
