                       g_value (photons/atom/s)
Velocity (km/s)      4045.28 A           4048.35 A
    -50.0          2.478404e-01        1.364641e-01
    -49.9          2.479345e-01        1.362903e-01
    -49.8          2.480286e-01        1.361165e-01
    -49.7          2.481340e-01        1.359428e-01
    -49.6          2.482730e-01        1.357690e-01
    -49.5          2.484121e-01        1.355906e-01
    -49.4          2.485511e-01        1.354063e-01
    -49.3          2.486902e-01        1.352221e-01
    -49.2          2.488292e-01        1.350379e-01
    -49.1          2.489683e-01        1.348536e-01
    -49.0          2.491074e-01        1.346694e-01
    -48.9          2.492502e-01        1.344851e-01
    -48.8          2.493937e-01        1.343005e-01
    -48.7          2.495373e-01        1.341038e-01
    -48.6          2.496809e-01        1.339070e-01
    -48.5          2.498244e-01        1.337102e-01
    -48.4          2.499680e-01        1.335134e-01
    -48.3          2.501115e-01        1.333166e-01
    -48.2          2.502366e-01        1.331198e-01
    -48.1          2.503352e-01        1.329230e-01
    -48.0          2.504338e-01        1.327172e-01
    -47.9          2.505324e-01        1.325058e-01
    -47.8          2.506310e-01        1.322943e-01
    -47.7          2.507296e-01        1.320829e-01
    -47.6          2.508283e-01        1.318715e-01
    -47.5          2.509269e-01        1.316600e-01
    -47.4          2.509316e-01        1.314486e-01
    -47.3          2.509358e-01        1.312308e-01
    -47.2          2.509400e-01        1.309880e-01
    -47.1          2.509442e-01        1.307452e-01
    -47.0          2.509484e-01        1.305024e-01
    -46.9          2.509526e-01        1.302596e-01
    -46.8          2.509568e-01        1.300168e-01
    -46.7          2.508963e-01        1.297740e-01
    -46.6          2.507882e-01        1.295312e-01
    -46.5          2.506800e-01        1.292652e-01
    -46.4          2.505719e-01        1.289931e-01
    -46.3          2.504637e-01        1.287210e-01
    -46.2          2.503555e-01        1.284489e-01
    -46.1          2.502474e-01        1.281768e-01
    -46.0          2.501215e-01        1.279047e-01
    -45.9          2.499010e-01        1.276327e-01
    -45.8          2.496805e-01        1.273598e-01
    -45.7          2.494599e-01        1.270856e-01
    -45.6          2.492394e-01        1.268114e-01
    -45.5          2.490189e-01        1.265372e-01
    -45.4          2.487984e-01        1.262631e-01
    -45.3          2.485779e-01        1.259889e-01
    -45.2          2.483175e-01        1.257147e-01
    -45.1          2.480430e-01        1.254405e-01
    -45.0          2.477685e-01        1.252249e-01
    -44.9          2.474940e-01        1.250114e-01
    -44.8          2.472195e-01        1.247979e-01
    -44.7          2.469450e-01        1.245844e-01
    -44.6          2.466706e-01        1.243709e-01
    -44.5          2.463865e-01        1.241574e-01
    -44.4          2.460821e-01        1.239439e-01
    -44.3          2.457778e-01        1.237916e-01
    -44.2          2.454734e-01        1.236890e-01
    -44.1          2.451691e-01        1.235863e-01
    -44.0          2.448647e-01        1.234837e-01
    -43.9          2.445604e-01        1.233811e-01
    -43.8          2.442514e-01        1.232785e-01
    -43.7          2.438915e-01        1.231758e-01
    -43.6          2.435317e-01        1.230922e-01
    -43.5          2.431718e-01        1.231255e-01
    -43.4          2.428119e-01        1.231588e-01
    -43.3          2.424521e-01        1.231922e-01
    -43.2          2.420922e-01        1.232255e-01
    -43.1          2.417323e-01        1.232588e-01
    -43.0          2.412649e-01        1.232921e-01
    -42.9          2.407432e-01        1.233255e-01
    -42.8          2.402216e-01        1.234257e-01
    -42.7          2.396999e-01        1.235511e-01
    -42.6          2.391782e-01        1.236764e-01
    -42.5          2.386566e-01        1.238018e-01
    -42.4          2.381349e-01        1.239272e-01
    -42.3          2.375223e-01        1.240526e-01
    -42.2          2.366321e-01        1.241779e-01
    -42.1          2.357419e-01        1.243118e-01
    -42.0          2.348517e-01        1.244644e-01
    -41.9          2.339615e-01        1.246170e-01
    -41.8          2.330713e-01        1.247695e-01
    -41.7          2.321810e-01        1.249221e-01
    -41.6          2.312908e-01        1.250746e-01
    -41.5          2.298831e-01        1.252272e-01
    -41.4          2.283681e-01        1.253797e-01
    -41.3          2.268531e-01        1.254946e-01
    -41.2          2.253381e-01        1.256053e-01
    -41.1          2.238231e-01        1.257161e-01
    -41.0          2.223081e-01        1.258268e-01
    -40.9          2.207931e-01        1.259375e-01
    -40.8          2.189391e-01        1.260482e-01
    -40.7          2.165971e-01        1.261590e-01
    -40.6          2.142552e-01        1.262217e-01
    -40.5          2.119132e-01        1.262341e-01
    -40.4          2.095713e-01        1.262465e-01
    -40.3          2.072293e-01        1.262589e-01
    -40.2          2.048874e-01        1.262713e-01
    -40.1          2.025454e-01        1.262837e-01
    -40.0          1.992230e-01        1.262961e-01
    -39.9          1.958922e-01        1.262991e-01
    -39.8          1.925614e-01        1.261881e-01
    -39.7          1.892307e-01        1.260771e-01
    -39.6          1.858999e-01        1.259661e-01
    -39.5          1.825691e-01        1.258551e-01
    -39.4          1.792384e-01        1.257441e-01
    -39.3          1.754103e-01        1.256331e-01
    -39.2          1.712122e-01        1.255221e-01
    -39.1          1.670140e-01        1.253154e-01
    -39.0          1.628158e-01        1.250601e-01
    -38.9          1.586177e-01        1.248049e-01
    -38.8          1.544195e-01        1.245496e-01
    -38.7          1.502213e-01        1.242943e-01
    -38.6          1.459828e-01        1.240390e-01
    -38.5          1.415240e-01        1.237838e-01
    -38.4          1.370653e-01        1.234716e-01
    -38.3          1.326065e-01        1.230845e-01
    -38.2          1.281477e-01        1.226974e-01
    -38.1          1.236890e-01        1.223103e-01
    -38.0          1.192302e-01        1.219232e-01
    -37.9          1.147715e-01        1.215361e-01
    -37.8          1.107133e-01        1.211490e-01
    -37.7          1.067984e-01        1.207599e-01
    -37.6          1.028836e-01        1.202640e-01
    -37.5          9.896871e-02        1.197682e-01
    -37.4          9.505384e-02        1.192723e-01
    -37.3          9.113898e-02        1.187764e-01
    -37.2          8.722411e-02        1.182806e-01
    -37.1          8.366971e-02        1.177847e-01
    -37.0          8.088754e-02        1.172888e-01
    -36.9          7.810536e-02        1.167714e-01
    -36.8          7.532319e-02        1.162400e-01
    -36.7          7.254102e-02        1.157086e-01
    -36.6          6.975884e-02        1.151772e-01
    -36.5          6.697667e-02        1.146458e-01
    -36.4          6.419449e-02        1.141144e-01
    -36.3          6.271062e-02        1.135830e-01
    -36.2          6.137120e-02        1.130637e-01
    -36.1          6.003178e-02        1.125950e-01
    -36.0          5.869236e-02        1.121264e-01
    -35.9          5.735294e-02        1.116577e-01
    -35.8          5.601352e-02        1.111891e-01
    -35.7          5.467410e-02        1.107204e-01
    -35.6          5.397532e-02        1.102518e-01
    -35.5          5.396627e-02        1.097831e-01
    -35.4          5.395722e-02        1.094369e-01
    -35.3          5.394817e-02        1.091251e-01
    -35.2          5.393912e-02        1.088134e-01
    -35.1          5.393007e-02        1.085016e-01
    -35.0          5.392102e-02        1.081898e-01
    -34.9          5.397728e-02        1.078780e-01
    -34.8          5.500194e-02        1.075662e-01
    -34.7          5.602660e-02        1.073391e-01
    -34.6          5.705126e-02        1.072574e-01
    -34.5          5.807592e-02        1.071757e-01
    -34.4          5.910058e-02        1.070940e-01
    -34.3          6.012524e-02        1.070124e-01
    -34.2          6.114990e-02        1.069307e-01
    -34.1          6.259189e-02        1.068490e-01
    -34.0          6.426371e-02        1.067673e-01
    -33.9          6.593552e-02        1.069373e-01
    -33.8          6.760734e-02        1.071192e-01
    -33.7          6.927916e-02        1.073010e-01
    -33.6          7.095098e-02        1.074829e-01
    -33.5          7.262280e-02        1.076647e-01
    -33.4          7.434347e-02        1.078466e-01
    -33.3          7.623100e-02        1.080284e-01
    -33.2          7.811852e-02        1.083305e-01
    -33.1          8.000605e-02        1.087341e-01
    -33.0          8.189358e-02        1.091376e-01
    -32.9          8.378110e-02        1.095412e-01
    -32.8          8.566863e-02        1.099448e-01
    -32.7          8.755615e-02        1.103483e-01
    -32.6          8.933105e-02        1.107519e-01
    -32.5          9.107921e-02        1.111744e-01
    -32.4          9.282737e-02        1.117244e-01
    -32.3          9.457553e-02        1.122743e-01
    -32.2          9.632369e-02        1.128242e-01
    -32.1          9.807185e-02        1.133742e-01
    -32.0          9.982001e-02        1.139241e-01
    -31.9          1.014158e-01        1.144741e-01
    -31.8          1.027729e-01        1.150240e-01
    -31.7          1.041300e-01        1.156220e-01
    -31.6          1.054872e-01        1.162388e-01
    -31.5          1.068443e-01        1.168557e-01
    -31.4          1.082015e-01        1.174726e-01
    -31.3          1.095586e-01        1.180895e-01
    -31.2          1.109158e-01        1.187064e-01
    -31.1          1.118450e-01        1.193232e-01
    -31.0          1.127617e-01        1.199369e-01
    -30.9          1.136784e-01        1.205433e-01
    -30.8          1.145951e-01        1.211497e-01
    -30.7          1.155118e-01        1.217561e-01
    -30.6          1.164285e-01        1.223625e-01
    -30.5          1.173452e-01        1.229689e-01
    -30.4          1.180332e-01        1.235753e-01
    -30.3          1.185364e-01        1.241817e-01
    -30.2          1.190396e-01        1.247247e-01
    -30.1          1.195428e-01        1.252600e-01
    -30.0          1.200460e-01        1.257953e-01
    -29.9          1.205492e-01        1.263306e-01
    -29.8          1.210524e-01        1.268659e-01
    -29.7          1.215047e-01        1.274012e-01
    -29.6          1.216304e-01        1.279365e-01
    -29.5          1.217561e-01        1.284167e-01
    -29.4          1.218818e-01        1.288369e-01
    -29.3          1.220075e-01        1.292572e-01
    -29.2          1.221332e-01        1.296774e-01
    -29.1          1.222589e-01        1.300976e-01
    -29.0          1.223846e-01        1.305179e-01
    -28.9          1.223268e-01        1.309381e-01
    -28.8          1.221963e-01        1.313509e-01
    -28.7          1.220659e-01        1.316582e-01
    -28.6          1.219354e-01        1.319655e-01
    -28.5          1.218049e-01        1.322728e-01
    -28.4          1.216745e-01        1.325801e-01
    -28.3          1.215440e-01        1.328874e-01
    -28.2          1.214189e-01        1.331947e-01
    -28.1          1.213064e-01        1.335020e-01
    -28.0          1.211939e-01        1.337410e-01
    -27.9          1.210815e-01        1.339437e-01
    -27.8          1.209690e-01        1.341464e-01
    -27.7          1.208565e-01        1.343491e-01
    -27.6          1.207440e-01        1.345519e-01
    -27.5          1.206315e-01        1.347546e-01
    -27.4          1.209223e-01        1.349573e-01
    -27.3          1.212682e-01        1.351419e-01
    -27.2          1.216141e-01        1.352693e-01
    -27.1          1.219600e-01        1.353968e-01
    -27.0          1.223059e-01        1.355242e-01
    -26.9          1.226518e-01        1.356516e-01
    -26.8          1.229977e-01        1.357790e-01
    -26.7          1.237272e-01        1.359065e-01
    -26.6          1.249044e-01        1.360339e-01
    -26.5          1.260817e-01        1.361111e-01
    -26.4          1.272590e-01        1.361779e-01
    -26.3          1.284363e-01        1.362446e-01
    -26.2          1.296135e-01        1.363114e-01
    -26.1          1.307908e-01        1.363782e-01
    -26.0          1.320126e-01        1.364449e-01
    -25.9          1.342234e-01        1.365117e-01
    -25.8          1.364343e-01        1.365646e-01
    -25.7          1.386452e-01        1.365979e-01
    -25.6          1.408560e-01        1.366312e-01
    -25.5          1.430669e-01        1.366645e-01
    -25.4          1.452777e-01        1.366979e-01
    -25.3          1.474886e-01        1.367312e-01
    -25.2          1.502751e-01        1.367645e-01
    -25.1          1.532004e-01        1.367977e-01
    -25.0          1.561258e-01        1.368018e-01
    -24.9          1.590511e-01        1.368058e-01
    -24.8          1.619765e-01        1.368098e-01
    -24.7          1.649019e-01        1.368139e-01
    -24.6          1.678272e-01        1.368179e-01
    -24.5          1.708483e-01        1.368219e-01
    -24.4          1.740207e-01        1.368259e-01
    -24.3          1.771932e-01        1.368164e-01
    -24.2          1.803657e-01        1.367974e-01
    -24.1          1.835381e-01        1.367784e-01
    -24.0          1.867106e-01        1.367595e-01
    -23.9          1.898830e-01        1.367405e-01
    -23.8          1.930555e-01        1.367215e-01
    -23.7          1.959928e-01        1.367025e-01
    -23.6          1.989225e-01        1.366806e-01
    -23.5          2.018522e-01        1.366449e-01
    -23.4          2.047820e-01        1.366092e-01
    -23.3          2.077117e-01        1.365735e-01
    -23.2          2.106414e-01        1.365378e-01
    -23.1          2.135712e-01        1.365021e-01
    -23.0          2.162089e-01        1.364664e-01
    -22.9          2.186084e-01        1.364307e-01
    -22.8          2.210078e-01        1.363902e-01
    -22.7          2.234073e-01        1.363482e-01
    -22.6          2.258067e-01        1.363062e-01
    -22.5          2.282062e-01        1.362642e-01
    -22.4          2.306056e-01        1.362222e-01
    -22.3          2.329118e-01        1.361803e-01
    -22.2          2.346056e-01        1.361383e-01
    -22.1          2.362995e-01        1.360948e-01
    -22.0          2.379934e-01        1.360487e-01
    -21.9          2.396873e-01        1.360025e-01
    -21.8          2.413811e-01        1.359564e-01
    -21.7          2.430750e-01        1.359102e-01
    -21.6          2.447689e-01        1.358641e-01
    -21.5          2.459848e-01        1.358179e-01
    -21.4          2.470090e-01        1.357718e-01
    -21.3          2.480333e-01        1.357276e-01
    -21.2          2.490576e-01        1.356835e-01
    -21.1          2.500819e-01        1.356394e-01
    -21.0          2.511062e-01        1.355953e-01
    -20.9          2.521305e-01        1.355512e-01
    -20.8          2.530073e-01        1.355072e-01
    -20.7          2.535328e-01        1.354631e-01
    -20.6          2.540583e-01        1.354151e-01
    -20.5          2.545838e-01        1.353635e-01
    -20.4          2.551092e-01        1.353119e-01
    -20.3          2.556347e-01        1.352603e-01
    -20.2          2.561602e-01        1.352087e-01
    -20.1          2.566857e-01        1.351571e-01
    -20.0          2.569588e-01        1.351055e-01
    -19.9          2.571967e-01        1.350537e-01
    -19.8          2.574345e-01        1.350012e-01
    -19.7          2.576724e-01        1.349488e-01
    -19.6          2.579103e-01        1.348964e-01
    -19.5          2.581481e-01        1.348439e-01
    -19.4          2.583860e-01        1.347915e-01
    -19.3          2.585826e-01        1.347391e-01
    -19.2          2.587306e-01        1.346866e-01
    -19.1          2.588786e-01        1.346287e-01
    -19.0          2.590266e-01        1.345700e-01
    -18.9          2.591746e-01        1.345113e-01
    -18.8          2.593226e-01        1.344526e-01
    -18.7          2.594706e-01        1.343939e-01
    -18.6          2.596219e-01        1.343352e-01
    -18.5          2.598508e-01        1.342765e-01
    -18.4          2.600797e-01        1.342119e-01
    -18.3          2.603085e-01        1.341406e-01
    -18.2          2.605374e-01        1.340694e-01
    -18.1          2.607663e-01        1.339981e-01
    -18.0          2.609951e-01        1.339269e-01
    -17.9          2.612240e-01        1.338556e-01
    -17.8          2.615619e-01        1.337844e-01
    -17.7          2.619660e-01        1.337121e-01
    -17.6          2.623702e-01        1.336220e-01
    -17.5          2.627743e-01        1.335319e-01
    -17.4          2.631784e-01        1.334418e-01
    -17.3          2.635826e-01        1.333518e-01
    -17.2          2.639867e-01        1.332617e-01
    -17.1          2.644238e-01        1.331716e-01
    -17.0          2.649897e-01        1.330815e-01
    -16.9          2.655555e-01        1.329753e-01
    -16.8          2.661214e-01        1.328602e-01
    -16.7          2.666873e-01        1.327450e-01
    -16.6          2.672532e-01        1.326298e-01
    -16.5          2.678191e-01        1.325147e-01
    -16.4          2.683849e-01        1.323995e-01
    -16.3          2.690390e-01        1.322843e-01
    -16.2          2.697172e-01        1.321605e-01
    -16.1          2.703954e-01        1.320077e-01
    -16.0          2.710736e-01        1.318549e-01
    -15.9          2.717518e-01        1.317021e-01
    -15.8          2.724300e-01        1.315493e-01
    -15.7          2.731082e-01        1.313965e-01
    -15.6          2.737979e-01        1.312437e-01
    -15.5          2.745076e-01        1.310909e-01
    -15.4          2.752173e-01        1.309022e-01
    -15.3          2.759269e-01        1.307055e-01
    -15.2          2.766366e-01        1.305088e-01
    -15.1          2.773462e-01        1.303120e-01
    -15.0          2.780559e-01        1.301153e-01
    -14.9          2.787655e-01        1.299186e-01
    -14.8          2.794197e-01        1.297219e-01
    -14.7          2.800710e-01        1.295006e-01
    -14.6          2.807222e-01        1.292432e-01
    -14.5          2.813734e-01        1.289859e-01
    -14.4          2.820246e-01        1.287285e-01
    -14.3          2.826758e-01        1.284712e-01
    -14.2          2.833270e-01        1.282138e-01
    -14.1          2.839139e-01        1.279565e-01
    -14.0          2.844438e-01        1.276991e-01
    -13.9          2.849737e-01        1.273650e-01
    -13.8          2.855036e-01        1.270303e-01
    -13.7          2.860335e-01        1.266955e-01
    -13.6          2.865634e-01        1.263608e-01
    -13.5          2.870933e-01        1.260261e-01
    -13.4          2.876076e-01        1.256914e-01
    -13.3          2.879982e-01        1.253566e-01
    -13.2          2.883887e-01        1.249577e-01
    -13.1          2.887793e-01        1.245121e-01
    -13.0          2.891699e-01        1.240666e-01
    -12.9          2.895605e-01        1.236210e-01
    -12.8          2.899511e-01        1.231755e-01
    -12.7          2.903417e-01        1.227300e-01
    -12.6          2.906513e-01        1.222844e-01
    -12.5          2.909250e-01        1.218060e-01
    -12.4          2.911988e-01        1.211639e-01
    -12.3          2.914725e-01        1.205218e-01
    -12.2          2.917463e-01        1.198797e-01
    -12.1          2.920200e-01        1.192376e-01
    -12.0          2.922938e-01        1.185955e-01
    -11.9          2.925416e-01        1.179534e-01
    -11.8          2.927210e-01        1.173113e-01
    -11.7          2.929004e-01        1.164815e-01
    -11.6          2.930797e-01        1.155906e-01
    -11.5          2.932591e-01        1.146996e-01
    -11.4          2.934385e-01        1.138087e-01
    -11.3          2.936179e-01        1.129178e-01
    -11.2          2.937973e-01        1.120269e-01
    -11.1          2.939305e-01        1.111359e-01
    -11.0          2.940560e-01        1.101428e-01
    -10.9          2.941814e-01        1.089529e-01
    -10.8          2.943069e-01        1.077630e-01
    -10.7          2.944324e-01        1.065730e-01
    -10.6          2.945578e-01        1.053831e-01
    -10.5          2.946833e-01        1.041932e-01
    -10.4          2.947930e-01        1.030032e-01
    -10.3          2.948826e-01        1.018133e-01
    -10.2          2.949721e-01        1.004175e-01
    -10.1          2.950616e-01        9.900593e-02
    -10.0          2.951512e-01        9.759437e-02
     -9.9          2.952407e-01        9.618281e-02
     -9.8          2.953303e-01        9.477125e-02
     -9.7          2.954191e-01        9.335969e-02
     -9.6          2.954727e-01        9.194813e-02
     -9.5          2.955262e-01        9.052686e-02
     -9.4          2.955798e-01        8.909651e-02
     -9.3          2.956334e-01        8.766616e-02
     -9.2          2.956870e-01        8.623580e-02
     -9.1          2.957405e-01        8.480545e-02
     -9.0          2.957941e-01        8.337510e-02
     -8.9          2.958261e-01        8.194474e-02
     -8.8          2.958437e-01        8.054558e-02
     -8.7          2.958613e-01        7.941635e-02
     -8.6          2.958790e-01        7.828712e-02
     -8.5          2.958966e-01        7.715788e-02
     -8.4          2.959143e-01        7.602865e-02
     -8.3          2.959319e-01        7.489942e-02
     -8.2          2.959397e-01        7.377019e-02
     -8.1          2.959034e-01        7.264096e-02
     -8.0          2.958671e-01        7.193644e-02
     -7.9          2.958308e-01        7.142198e-02
     -7.8          2.957945e-01        7.090751e-02
     -7.7          2.957583e-01        7.039305e-02
     -7.6          2.957220e-01        6.987859e-02
     -7.5          2.956857e-01        6.936412e-02
     -7.4          2.955853e-01        6.884966e-02
     -7.3          2.954652e-01        6.854806e-02
     -7.2          2.953451e-01        6.879890e-02
     -7.1          2.952250e-01        6.904975e-02
     -7.0          2.951050e-01        6.930059e-02
     -6.9          2.949849e-01        6.955143e-02
     -6.8          2.948648e-01        6.980228e-02
     -6.7          2.946704e-01        7.005312e-02
     -6.6          2.944094e-01        7.030397e-02
     -6.5          2.941485e-01        7.114110e-02
     -6.4          2.938876e-01        7.206939e-02
     -6.3          2.936267e-01        7.299769e-02
     -6.2          2.933657e-01        7.392599e-02
     -6.1          2.931048e-01        7.485428e-02
     -6.0          2.928222e-01        7.578258e-02
     -5.9          2.923636e-01        7.671088e-02
     -5.8          2.919050e-01        7.782848e-02
     -5.7          2.914464e-01        7.917496e-02
     -5.6          2.909878e-01        8.052143e-02
     -5.5          2.905292e-01        8.186790e-02
     -5.4          2.900706e-01        8.321437e-02
     -5.3          2.896120e-01        8.456085e-02
     -5.2          2.889485e-01        8.590732e-02
     -5.1          2.881933e-01        8.725379e-02
     -5.0          2.874382e-01        8.860024e-02
     -4.9          2.866831e-01        8.994670e-02
     -4.8          2.859280e-01        9.129315e-02
     -4.7          2.851728e-01        9.263960e-02
     -4.6          2.844177e-01        9.398606e-02
     -4.5          2.835694e-01        9.533251e-02
     -4.4          2.824728e-01        9.667897e-02
     -4.3          2.813762e-01        9.787195e-02
     -4.2          2.802796e-01        9.897375e-02
     -4.1          2.791831e-01        1.000755e-01
     -4.0          2.780865e-01        1.011773e-01
     -3.9          2.769899e-01        1.022791e-01
     -3.8          2.758933e-01        1.033809e-01
     -3.7          2.745357e-01        1.044827e-01
     -3.6          2.731336e-01        1.055042e-01
     -3.5          2.717316e-01        1.062317e-01
     -3.4          2.703295e-01        1.069592e-01
     -3.3          2.689275e-01        1.076867e-01
     -3.2          2.675254e-01        1.084142e-01
     -3.1          2.661233e-01        1.091417e-01
     -3.0          2.646645e-01        1.098692e-01
     -2.9          2.631321e-01        1.105967e-01
     -2.8          2.615998e-01        1.110459e-01
     -2.7          2.600675e-01        1.114263e-01
     -2.6          2.585352e-01        1.118068e-01
     -2.5          2.570029e-01        1.121872e-01
     -2.4          2.554705e-01        1.125676e-01
     -2.3          2.539413e-01        1.129480e-01
     -2.2          2.525843e-01        1.133284e-01
     -2.1          2.512272e-01        1.136208e-01
     -2.0          2.498701e-01        1.137750e-01
     -1.9          2.485130e-01        1.139291e-01
     -1.8          2.471559e-01        1.140833e-01
     -1.7          2.457988e-01        1.142375e-01
     -1.6          2.444417e-01        1.143917e-01
     -1.5          2.433863e-01        1.145458e-01
     -1.4          2.425324e-01        1.146850e-01
     -1.3          2.416785e-01        1.147434e-01
     -1.2          2.408246e-01        1.148018e-01
     -1.1          2.399708e-01        1.148602e-01
     -1.0          2.391169e-01        1.149186e-01
     -0.9          2.382630e-01        1.149771e-01
     -0.8          2.375434e-01        1.150355e-01
     -0.7          2.374308e-01        1.150939e-01
     -0.6          2.373182e-01        1.151710e-01
     -0.5          2.372056e-01        1.152545e-01
     -0.4          2.370931e-01        1.153380e-01
     -0.3          2.369805e-01        1.154215e-01
     -0.2          2.368679e-01        1.155050e-01
     -0.1          2.367553e-01        1.155885e-01
      0.0          2.372185e-01        1.156720e-01
      0.1          2.378607e-01        1.157763e-01
      0.2          2.385028e-01        1.159225e-01
      0.3          2.391450e-01        1.160688e-01
      0.4          2.397872e-01        1.162150e-01
      0.5          2.404294e-01        1.163612e-01
      0.6          2.410715e-01        1.165075e-01
      0.7          2.418855e-01        1.166537e-01
      0.8          2.430263e-01        1.167999e-01
      0.9          2.441672e-01        1.169865e-01
      1.0          2.453080e-01        1.171766e-01
      1.1          2.464488e-01        1.173667e-01
      1.2          2.475897e-01        1.175569e-01
      1.3          2.487305e-01        1.177470e-01
      1.4          2.498713e-01        1.179371e-01
      1.5          2.511494e-01        1.181272e-01
      1.6          2.524385e-01        1.183121e-01
      1.7          2.537276e-01        1.184917e-01
      1.8          2.550166e-01        1.186714e-01
      1.9          2.563057e-01        1.188511e-01
      2.0          2.575948e-01        1.190308e-01
      2.1          2.588838e-01        1.192105e-01
      2.2          2.600543e-01        1.193901e-01
      2.3          2.611097e-01        1.195659e-01
      2.4          2.621651e-01        1.197038e-01
      2.5          2.632206e-01        1.198416e-01
      2.6          2.642760e-01        1.199795e-01
      2.7          2.653315e-01        1.201173e-01
      2.8          2.663869e-01        1.202552e-01
      2.9          2.674030e-01        1.203930e-01
      3.0          2.680182e-01        1.205309e-01
      3.1          2.686333e-01        1.206445e-01
      3.2          2.692485e-01        1.207468e-01
      3.3          2.698637e-01        1.208491e-01
      3.4          2.704789e-01        1.209515e-01
      3.5          2.710940e-01        1.210538e-01
      3.6          2.717092e-01        1.211561e-01
      3.7          2.719656e-01        1.212584e-01
      3.8          2.720462e-01        1.213579e-01
      3.9          2.721267e-01        1.214498e-01
      4.0          2.722072e-01        1.215416e-01
      4.1          2.722878e-01        1.216335e-01
      4.2          2.723683e-01        1.217253e-01
      4.3          2.724489e-01        1.218172e-01
      4.4          2.723818e-01        1.219091e-01
      4.5          2.718783e-01        1.220009e-01
      4.6          2.713749e-01        1.220999e-01
      4.7          2.708715e-01        1.222001e-01
      4.8          2.703680e-01        1.223003e-01
      4.9          2.698646e-01        1.224006e-01
      5.0          2.693611e-01        1.225008e-01
      5.1          2.688577e-01        1.226010e-01
      5.2          2.678369e-01        1.227012e-01
      5.3          2.667136e-01        1.228023e-01
      5.4          2.655902e-01        1.229046e-01
      5.5          2.644668e-01        1.230069e-01
      5.6          2.633434e-01        1.231092e-01
      5.7          2.622200e-01        1.232116e-01
      5.8          2.610966e-01        1.233139e-01
      5.9          2.596835e-01        1.234162e-01
      6.0          2.578638e-01        1.235180e-01
      6.1          2.560442e-01        1.236057e-01
      6.2          2.542245e-01        1.236934e-01
      6.3          2.524048e-01        1.237810e-01
      6.4          2.505851e-01        1.238687e-01
      6.5          2.487654e-01        1.239564e-01
      6.6          2.469457e-01        1.240440e-01
      6.7          2.443238e-01        1.241317e-01
      6.8          2.417000e-01        1.242000e-01
      6.9          2.390763e-01        1.242563e-01
      7.0          2.364525e-01        1.243126e-01
      7.1          2.338288e-01        1.243690e-01
      7.2          2.312050e-01        1.244253e-01
      7.3          2.285812e-01        1.244816e-01
      7.4          2.254838e-01        1.245379e-01
      7.5          2.220425e-01        1.245856e-01
      7.6          2.186012e-01        1.246001e-01
      7.7          2.151599e-01        1.246146e-01
      7.8          2.117186e-01        1.246291e-01
      7.9          2.082773e-01        1.246436e-01
      8.0          2.048360e-01        1.246581e-01
      8.1          2.012957e-01        1.246726e-01
      8.2          1.972390e-01        1.246871e-01
      8.3          1.931823e-01        1.246619e-01
      8.4          1.891256e-01        1.246262e-01
      8.5          1.850689e-01        1.245905e-01
      8.6          1.810123e-01        1.245549e-01
      8.7          1.769556e-01        1.245192e-01
      8.8          1.728989e-01        1.244835e-01
      8.9          1.686855e-01        1.244478e-01
      9.0          1.644177e-01        1.243931e-01
      9.1          1.601500e-01        1.243073e-01
      9.2          1.558823e-01        1.242214e-01
      9.3          1.516145e-01        1.241356e-01
      9.4          1.473468e-01        1.240497e-01
      9.5          1.430791e-01        1.239638e-01
      9.6          1.389920e-01        1.238780e-01
      9.7          1.352813e-01        1.237921e-01
      9.8          1.315707e-01        1.236477e-01
      9.9          1.278600e-01        1.235012e-01
     10.0          1.241494e-01        1.233547e-01
     10.1          1.204388e-01        1.232083e-01
     10.2          1.167281e-01        1.230618e-01
     10.3          1.130175e-01        1.229153e-01
     10.4          1.103365e-01        1.227688e-01
     10.5          1.077624e-01        1.225899e-01
     10.6          1.051884e-01        1.223849e-01
     10.7          1.026143e-01        1.221799e-01
     10.8          1.000402e-01        1.219749e-01
     10.9          9.746612e-02        1.217699e-01
     11.0          9.489204e-02        1.215649e-01
     11.1          9.293099e-02        1.213599e-01
     11.2          9.161404e-02        1.211472e-01
     11.3          9.029709e-02        1.208879e-01
     11.4          8.898014e-02        1.206285e-01
     11.5          8.766319e-02        1.203692e-01
     11.6          8.634625e-02        1.201098e-01
     11.7          8.502930e-02        1.198504e-01
     11.8          8.396993e-02        1.195911e-01
     11.9          8.368235e-02        1.193317e-01
     12.0          8.339477e-02        1.190526e-01
     12.1          8.310718e-02        1.187660e-01
     12.2          8.281960e-02        1.184795e-01
     12.3          8.253202e-02        1.181929e-01
     12.4          8.224443e-02        1.179064e-01
     12.5          8.195685e-02        1.176199e-01
     12.6          8.201679e-02        1.173333e-01
     12.7          8.214697e-02        1.170501e-01
     12.8          8.227714e-02        1.167740e-01
     12.9          8.240732e-02        1.164979e-01
     13.0          8.253749e-02        1.162219e-01
     13.1          8.266767e-02        1.159458e-01
     13.2          8.279784e-02        1.156697e-01
     13.3          8.284814e-02        1.153936e-01
     13.4          8.278516e-02        1.151176e-01
     13.5          8.272218e-02        1.149000e-01
     13.6          8.265919e-02        1.146887e-01
     13.7          8.259621e-02        1.144775e-01
     13.8          8.253323e-02        1.142662e-01
     13.9          8.247025e-02        1.140549e-01
     14.0          8.240726e-02        1.138437e-01
     14.1          8.180785e-02        1.136324e-01
     14.2          8.120584e-02        1.134744e-01
     14.3          8.060383e-02        1.133718e-01
     14.4          8.000183e-02        1.132693e-01
     14.5          7.939982e-02        1.131667e-01
     14.6          7.879781e-02        1.130642e-01
     14.7          7.819581e-02        1.129616e-01
     14.8          7.731656e-02        1.128590e-01
     14.9          7.623394e-02        1.127673e-01
     15.0          7.515131e-02        1.128048e-01
     15.1          7.406869e-02        1.128423e-01
     15.2          7.298606e-02        1.128798e-01
     15.3          7.190344e-02        1.129174e-01
     15.4          7.082082e-02        1.129549e-01
     15.5          6.973392e-02        1.129924e-01
     15.6          6.862437e-02        1.130299e-01
     15.7          6.751481e-02        1.131452e-01
     15.8          6.640525e-02        1.132998e-01
     15.9          6.529569e-02        1.134543e-01
     16.0          6.418613e-02        1.136089e-01
     16.1          6.307658e-02        1.137635e-01
     16.2          6.196702e-02        1.139180e-01
     16.3          6.126640e-02        1.140726e-01
     16.4          6.070935e-02        1.142465e-01
     16.5          6.015230e-02        1.144778e-01
     16.6          5.959525e-02        1.147090e-01
     16.7          5.903820e-02        1.149403e-01
     16.8          5.848115e-02        1.151716e-01
     16.9          5.792410e-02        1.154029e-01
     17.0          5.764603e-02        1.156342e-01
     17.1          5.795589e-02        1.158657e-01
     17.2          5.826576e-02        1.161101e-01
     17.3          5.857563e-02        1.163546e-01
     17.4          5.888549e-02        1.165991e-01
     17.5          5.919536e-02        1.168435e-01
     17.6          5.950522e-02        1.170880e-01
     17.7          5.981509e-02        1.173324e-01
     17.8          6.098120e-02        1.175769e-01
     17.9          6.223881e-02        1.178086e-01
     18.0          6.349642e-02        1.180322e-01
     18.1          6.475403e-02        1.182557e-01
     18.2          6.601164e-02        1.184792e-01
     18.3          6.726925e-02        1.187028e-01
     18.4          6.852686e-02        1.189263e-01
     18.5          7.017013e-02        1.191498e-01
     18.6          7.222275e-02        1.193636e-01
     18.7          7.427536e-02        1.195370e-01
     18.8          7.632797e-02        1.197103e-01
     18.9          7.838059e-02        1.198837e-01
     19.0          8.043320e-02        1.200571e-01
     19.1          8.248581e-02        1.202305e-01
     19.2          8.457471e-02        1.204038e-01
     19.3          8.717078e-02        1.205772e-01
     19.4          8.976684e-02        1.207064e-01
     19.5          9.236291e-02        1.208234e-01
     19.6          9.495897e-02        1.209403e-01
     19.7          9.755504e-02        1.210572e-01
     19.8          1.001511e-01        1.211741e-01
     19.9          1.027472e-01        1.212910e-01
     20.0          1.054772e-01        1.214080e-01
     20.1          1.082798e-01        1.215048e-01
     20.2          1.110824e-01        1.215674e-01
     20.3          1.138851e-01        1.216300e-01
     20.4          1.166877e-01        1.216925e-01
     20.5          1.194903e-01        1.217551e-01
     20.6          1.222930e-01        1.218177e-01
     20.7          1.250656e-01        1.218803e-01
     20.8          1.277380e-01        1.219428e-01
     20.9          1.304103e-01        1.219634e-01
     21.0          1.330826e-01        1.219821e-01
     21.1          1.357550e-01        1.220008e-01
     21.2          1.384273e-01        1.220194e-01
     21.3          1.410996e-01        1.220381e-01
     21.4          1.437720e-01        1.220568e-01
     21.5          1.461489e-01        1.220755e-01
     21.6          1.484574e-01        1.220771e-01
     21.7          1.507659e-01        1.220644e-01
     21.8          1.530744e-01        1.220517e-01
     21.9          1.553828e-01        1.220391e-01
     22.0          1.576913e-01        1.220264e-01
     22.1          1.599998e-01        1.220137e-01
     22.2          1.621351e-01        1.220010e-01
     22.3          1.640034e-01        1.219862e-01
     22.4          1.658716e-01        1.219568e-01
     22.5          1.677399e-01        1.219274e-01
     22.6          1.696082e-01        1.218980e-01
     22.7          1.714765e-01        1.218686e-01
     22.8          1.733448e-01        1.218392e-01
     22.9          1.752130e-01        1.218098e-01
     23.0          1.765996e-01        1.217804e-01
     23.1          1.779737e-01        1.217435e-01
     23.2          1.793479e-01        1.217036e-01
     23.3          1.807221e-01        1.216638e-01
     23.4          1.820963e-01        1.216239e-01
     23.5          1.834705e-01        1.215841e-01
     23.6          1.848446e-01        1.215442e-01
     23.7          1.859638e-01        1.215044e-01
     23.8          1.868798e-01        1.214613e-01
     23.9          1.877958e-01        1.214110e-01
     24.0          1.887119e-01        1.213607e-01
     24.1          1.896279e-01        1.213104e-01
     24.2          1.905439e-01        1.212601e-01
     24.3          1.914599e-01        1.212098e-01
     24.4          1.923089e-01        1.211595e-01
     24.5          1.927398e-01        1.211092e-01
     24.6          1.931708e-01        1.210496e-01
     24.7          1.936017e-01        1.209888e-01
     24.8          1.940327e-01        1.209281e-01
     24.9          1.944636e-01        1.208673e-01
     25.0          1.948946e-01        1.208066e-01
     25.1          1.953255e-01        1.207458e-01
     25.2          1.954169e-01        1.206851e-01
     25.3          1.953763e-01        1.206213e-01
     25.4          1.953356e-01        1.205543e-01
     25.5          1.952950e-01        1.204873e-01
     25.6          1.952543e-01        1.204202e-01
     25.7          1.952137e-01        1.203532e-01
     25.8          1.951730e-01        1.202862e-01
     25.9          1.950430e-01        1.202192e-01
     26.0          1.947059e-01        1.201513e-01
     26.1          1.943689e-01        1.200717e-01
     26.2          1.940318e-01        1.199922e-01
     26.3          1.936947e-01        1.199126e-01
     26.4          1.933577e-01        1.198331e-01
     26.5          1.930206e-01        1.197535e-01
     26.6          1.926836e-01        1.196739e-01
     26.7          1.923822e-01        1.195944e-01
     26.8          1.920856e-01        1.195052e-01
     26.9          1.917889e-01        1.194111e-01
     27.0          1.914923e-01        1.193169e-01
     27.1          1.911956e-01        1.192227e-01
     27.2          1.908990e-01        1.191285e-01
     27.3          1.906023e-01        1.190343e-01
     27.4          1.904895e-01        1.189401e-01
     27.5          1.905881e-01        1.188388e-01
     27.6          1.906867e-01        1.187154e-01
     27.7          1.907853e-01        1.185919e-01
     27.8          1.908839e-01        1.184685e-01
     27.9          1.909824e-01        1.183450e-01
     28.0          1.910810e-01        1.182216e-01
     28.1          1.912067e-01        1.180981e-01
     28.2          1.918846e-01        1.179747e-01
     28.3          1.925626e-01        1.178114e-01
     28.4          1.932405e-01        1.176398e-01
     28.5          1.939185e-01        1.174683e-01
     28.6          1.945964e-01        1.172968e-01
     28.7          1.952744e-01        1.171253e-01
     28.8          1.959523e-01        1.169537e-01
     28.9          1.969040e-01        1.167822e-01
     29.0          1.980175e-01        1.165785e-01
     29.1          1.991311e-01        1.163296e-01
     29.2          2.002447e-01        1.160808e-01
     29.3          2.013583e-01        1.158319e-01
     29.4          2.024719e-01        1.155831e-01
     29.5          2.035854e-01        1.153342e-01
     29.6          2.046991e-01        1.150854e-01
     29.7          2.058129e-01        1.148362e-01
     29.8          2.069266e-01        1.145037e-01
     29.9          2.080404e-01        1.141713e-01
     30.0          2.091542e-01        1.138388e-01
     30.1          2.102680e-01        1.135063e-01
     30.2          2.113818e-01        1.131739e-01
     30.3          2.124956e-01        1.128414e-01
     30.4          2.131724e-01        1.125089e-01
     30.5          2.138368e-01        1.121407e-01
     30.6          2.145012e-01        1.117476e-01
     30.7          2.151656e-01        1.113545e-01
     30.8          2.158300e-01        1.109615e-01
     30.9          2.164945e-01        1.105684e-01
     31.0          2.171589e-01        1.101754e-01
     31.1          2.175570e-01        1.097823e-01
     31.2          2.177409e-01        1.093859e-01
     31.3          2.179248e-01        1.089740e-01
     31.4          2.181087e-01        1.085622e-01
     31.5          2.182926e-01        1.081503e-01
     31.6          2.184765e-01        1.077384e-01
     31.7          2.186604e-01        1.073266e-01
     31.8          2.188205e-01        1.069147e-01
     31.9          2.188292e-01        1.065029e-01
     32.0          2.188379e-01        1.061374e-01
     32.1          2.188467e-01        1.057862e-01
     32.2          2.188554e-01        1.054349e-01
     32.3          2.188642e-01        1.050837e-01
     32.4          2.188729e-01        1.047324e-01
     32.5          2.188816e-01        1.043812e-01
     32.6          2.190998e-01        1.040299e-01
     32.7          2.194004e-01        1.037296e-01
     32.8          2.197011e-01        1.035226e-01
     32.9          2.200017e-01        1.033156e-01
     33.0          2.203024e-01        1.031085e-01
     33.1          2.206030e-01        1.029015e-01
     33.2          2.209037e-01        1.026945e-01
     33.3          2.213897e-01        1.024874e-01
     33.4          2.223101e-01        1.022804e-01
     33.5          2.232305e-01        1.022463e-01
     33.6          2.241509e-01        1.022232e-01
     33.7          2.250713e-01        1.022001e-01
     33.8          2.259916e-01        1.021770e-01
     33.9          2.269120e-01        1.021539e-01
     34.0          2.278324e-01        1.021308e-01
     34.1          2.292987e-01        1.021077e-01
     34.2          2.308388e-01        1.021750e-01
     34.3          2.323789e-01        1.023233e-01
     34.4          2.339190e-01        1.024716e-01
     34.5          2.354591e-01        1.026199e-01
     34.6          2.369992e-01        1.027681e-01
     34.7          2.385393e-01        1.029164e-01
     34.8          2.402165e-01        1.030647e-01
     34.9          2.420530e-01        1.032254e-01
     35.0          2.438895e-01        1.034824e-01
     35.1          2.457259e-01        1.037393e-01
     35.2          2.475624e-01        1.039963e-01
     35.3          2.493989e-01        1.042532e-01
     35.4          2.512354e-01        1.045102e-01
     35.5          2.530683e-01        1.047671e-01
     35.6          2.548239e-01        1.050241e-01
     35.7          2.565795e-01        1.052865e-01
     35.8          2.583351e-01        1.055498e-01
     35.9          2.600907e-01        1.058130e-01
     36.0          2.618464e-01        1.060762e-01
     36.1          2.636020e-01        1.063394e-01
     36.2          2.653576e-01        1.066026e-01
     36.3          2.668294e-01        1.068659e-01
     36.4          2.681314e-01        1.071055e-01
     36.5          2.694334e-01        1.073185e-01
     36.6          2.707355e-01        1.075316e-01
     36.7          2.720375e-01        1.077447e-01
     36.8          2.733395e-01        1.079577e-01
     36.9          2.746415e-01        1.081708e-01
     37.0          2.758271e-01        1.083838e-01
     37.1          2.765678e-01        1.085927e-01
     37.2          2.773085e-01        1.087326e-01
     37.3          2.780491e-01        1.088725e-01
     37.4          2.787898e-01        1.090124e-01
     37.5          2.795304e-01        1.091523e-01
     37.6          2.802711e-01        1.092922e-01
     37.7          2.810118e-01        1.094321e-01
     37.8          2.813980e-01        1.095720e-01
     37.9          2.816896e-01        1.096688e-01
     38.0          2.819812e-01        1.097418e-01
     38.1          2.822727e-01        1.098148e-01
     38.2          2.825643e-01        1.098879e-01
     38.3          2.828559e-01        1.099609e-01
     38.4          2.831474e-01        1.100339e-01
     38.5          2.833591e-01        1.101069e-01
     38.6          2.834351e-01        1.101688e-01
     38.7          2.835111e-01        1.101938e-01
     38.8          2.835872e-01        1.102187e-01
     38.9          2.836632e-01        1.102437e-01
     39.0          2.837393e-01        1.102686e-01
     39.1          2.838153e-01        1.102936e-01
     39.2          2.838913e-01        1.103185e-01
     39.3          2.839673e-01        1.103435e-01
     39.4          2.840434e-01        1.103410e-01
     39.5          2.841194e-01        1.103325e-01
     39.6          2.841954e-01        1.103241e-01
     39.7          2.842714e-01        1.103156e-01
     39.8          2.843474e-01        1.103071e-01
     39.9          2.844234e-01        1.102986e-01
     40.0          2.845714e-01        1.102901e-01
     40.1          2.847821e-01        1.102715e-01
     40.2          2.849929e-01        1.102379e-01
     40.3          2.852036e-01        1.102043e-01
     40.4          2.854144e-01        1.101708e-01
     40.5          2.856251e-01        1.101372e-01
     40.6          2.858359e-01        1.101037e-01
     40.7          2.860648e-01        1.100701e-01
     40.8          2.864327e-01        1.100365e-01
     40.9          2.868006e-01        1.099801e-01
     41.0          2.871684e-01        1.099236e-01
     41.1          2.875363e-01        1.098670e-01
     41.2          2.879042e-01        1.098105e-01
     41.3          2.882721e-01        1.097539e-01
     41.4          2.886400e-01        1.096974e-01
     41.5          2.890830e-01        1.096409e-01
     41.6          2.895587e-01        1.095722e-01
     41.7          2.900344e-01        1.094947e-01
     41.8          2.905101e-01        1.094173e-01
     41.9          2.909857e-01        1.093398e-01
     42.0          2.914614e-01        1.092624e-01
     42.1          2.919371e-01        1.091850e-01
     42.2          2.924240e-01        1.091075e-01
     42.3          2.929401e-01        1.090280e-01
     42.4          2.934562e-01        1.089380e-01
     42.5          2.939722e-01        1.088480e-01
     42.6          2.944883e-01        1.087580e-01
     42.7          2.950043e-01        1.086680e-01
     42.8          2.955204e-01        1.085780e-01
     42.9          2.960365e-01        1.084880e-01
     43.0          2.965100e-01        1.083980e-01
     43.1          2.969767e-01        1.083002e-01
     43.2          2.974434e-01        1.081997e-01
     43.3          2.979101e-01        1.080993e-01
     43.4          2.983768e-01        1.079989e-01
     43.5          2.988434e-01        1.078984e-01
     43.6          2.993101e-01        1.077980e-01
     43.7          2.997391e-01        1.076976e-01
     43.8          3.001204e-01        1.075943e-01
     43.9          3.005017e-01        1.074855e-01
     44.0          3.008831e-01        1.073767e-01
     44.1          3.012644e-01        1.072679e-01
     44.2          3.016458e-01        1.071591e-01
     44.3          3.020271e-01        1.070503e-01
     44.4          3.024057e-01        1.069415e-01
     44.5          3.026703e-01        1.068327e-01
     44.6          3.029349e-01        1.067181e-01
     44.7          3.031994e-01        1.066031e-01
     44.8          3.034640e-01        1.064880e-01
     44.9          3.037286e-01        1.063730e-01
     45.0          3.039932e-01        1.062579e-01
     45.1          3.042578e-01        1.061428e-01
     45.2          3.044544e-01        1.060278e-01
     45.3          3.046067e-01        1.059095e-01
     45.4          3.047591e-01        1.057882e-01
     45.5          3.049114e-01        1.056669e-01
     45.6          3.050637e-01        1.055455e-01
     45.7          3.052160e-01        1.054242e-01
     45.8          3.053684e-01        1.053029e-01
     45.9          3.055030e-01        1.051816e-01
     46.0          3.055610e-01        1.050598e-01
     46.1          3.056191e-01        1.049343e-01
     46.2          3.056771e-01        1.048088e-01
     46.3          3.057351e-01        1.046833e-01
     46.4          3.057931e-01        1.045578e-01
     46.5          3.058511e-01        1.044323e-01
     46.6          3.059091e-01        1.043068e-01
     46.7          3.059154e-01        1.041813e-01
     46.8          3.059061e-01        1.040558e-01
     46.9          3.058968e-01        1.039303e-01
     47.0          3.058874e-01        1.038048e-01
     47.1          3.058781e-01        1.036793e-01
     47.2          3.058688e-01        1.035538e-01
     47.3          3.058595e-01        1.034283e-01
     47.4          3.058329e-01        1.033028e-01
     47.5          3.057742e-01        1.031744e-01
     47.6          3.057154e-01        1.030385e-01
     47.7          3.056567e-01        1.029025e-01
     47.8          3.055980e-01        1.027666e-01
     47.9          3.055393e-01        1.026306e-01
     48.0          3.054806e-01        1.024947e-01
     48.1          3.054218e-01        1.023587e-01
     48.2          3.053360e-01        1.022228e-01
     48.3          3.052482e-01        1.020723e-01
     48.4          3.051604e-01        1.019197e-01
     48.5          3.050726e-01        1.017670e-01
     48.6          3.049848e-01        1.016144e-01
     48.7          3.048970e-01        1.014617e-01
     48.8          3.048092e-01        1.013090e-01
     48.9          3.047135e-01        1.011564e-01
     49.0          3.046144e-01        1.009857e-01
     49.1          3.045153e-01        1.007933e-01
     49.2          3.044162e-01        1.006010e-01
     49.3          3.043170e-01        1.004086e-01
     49.4          3.042179e-01        1.002162e-01
     49.5          3.041188e-01        1.000239e-01
     49.6          3.040196e-01        9.983152e-02
     49.7          3.039205e-01        9.963915e-02
     49.8          3.038214e-01        9.944679e-02
     49.9          3.037223e-01        9.925442e-02
     50.0          3.036231e-01        9.906206e-02
