                       g_value (photons/atom/s)
Velocity (km/s)      5891.58 A           5897.56 A
    -50.0          8.274946e+01        4.323132e+01
    -49.9          8.272736e+01        4.322164e+01
    -49.8          8.270601e+01        4.321192e+01
    -49.7          8.268497e+01        4.320177e+01
    -49.6          8.266393e+01        4.319161e+01
    -49.5          8.264289e+01        4.318145e+01
    -49.4          8.262185e+01        4.317129e+01
    -49.3          8.259845e+01        4.316109e+01
    -49.2          8.257267e+01        4.315054e+01
    -49.1          8.254690e+01        4.313998e+01
    -49.0          8.252112e+01        4.312943e+01
    -48.9          8.249534e+01        4.311888e+01
    -48.8          8.246651e+01        4.310832e+01
    -48.7          8.243495e+01        4.309729e+01
    -48.6          8.240339e+01        4.308621e+01
    -48.5          8.237182e+01        4.307513e+01
    -48.4          8.234026e+01        4.306405e+01
    -48.3          8.230821e+01        4.305297e+01
    -48.2          8.227507e+01        4.304320e+01
    -48.1          8.224193e+01        4.303353e+01
    -48.0          8.220879e+01        4.302385e+01
    -47.9          8.217565e+01        4.301417e+01
    -47.8          8.214424e+01        4.300450e+01
    -47.7          8.211619e+01        4.299447e+01
    -47.6          8.208813e+01        4.298431e+01
    -47.5          8.206008e+01        4.297415e+01
    -47.4          8.203203e+01        4.296399e+01
    -47.3          8.200290e+01        4.295383e+01
    -47.2          8.196608e+01        4.294297e+01
    -47.1          8.192927e+01        4.293190e+01
    -47.0          8.189245e+01        4.292082e+01
    -46.9          8.185564e+01        4.290974e+01
    -46.8          8.181770e+01        4.289867e+01
    -46.7          8.177352e+01        4.288661e+01
    -46.6          8.172935e+01        4.287430e+01
    -46.5          8.168517e+01        4.286199e+01
    -46.4          8.164100e+01        4.284967e+01
    -46.3          8.159753e+01        4.283736e+01
    -46.2          8.155720e+01        4.282523e+01
    -46.1          8.151688e+01        4.281323e+01
    -46.0          8.147655e+01        4.280123e+01
    -45.9          8.143623e+01        4.278923e+01
    -45.8          8.139591e+01        4.277723e+01
    -45.7          8.135186e+01        4.276504e+01
    -45.6          8.130769e+01        4.275273e+01
    -45.5          8.126351e+01        4.274042e+01
    -45.4          8.121933e+01        4.272811e+01
    -45.3          8.117516e+01        4.271580e+01
    -45.2          8.113483e+01        4.270399e+01
    -45.1          8.109451e+01        4.269292e+01
    -45.0          8.105420e+01        4.268184e+01
    -44.9          8.101388e+01        4.267077e+01
    -44.8          8.097357e+01        4.265969e+01
    -44.7          8.093311e+01        4.264846e+01
    -44.6          8.089261e+01        4.263703e+01
    -44.5          8.085211e+01        4.262559e+01
    -44.4          8.081162e+01        4.261416e+01
    -44.3          8.077112e+01        4.260273e+01
    -44.2          8.073076e+01        4.259117e+01
    -44.1          8.069044e+01        4.257917e+01
    -44.0          8.065012e+01        4.256716e+01
    -43.9          8.060980e+01        4.255516e+01
    -43.8          8.056948e+01        4.254316e+01
    -43.7          8.053015e+01        4.253014e+01
    -43.6          8.049149e+01        4.251432e+01
    -43.5          8.045284e+01        4.249850e+01
    -43.4          8.041419e+01        4.248268e+01
    -43.3          8.037553e+01        4.246686e+01
    -43.2          8.033802e+01        4.245100e+01
    -43.1          8.030120e+01        4.243440e+01
    -43.0          8.026438e+01        4.241779e+01
    -42.9          8.022755e+01        4.240119e+01
    -42.8          8.019073e+01        4.238458e+01
    -42.7          8.015243e+01        4.236805e+01
    -42.6          8.011194e+01        4.235223e+01
    -42.5          8.007145e+01        4.233641e+01
    -42.4          8.003096e+01        4.232059e+01
    -42.3          7.999047e+01        4.230477e+01
    -42.2          7.995082e+01        4.228895e+01
    -42.1          7.991225e+01        4.227083e+01
    -42.0          7.987368e+01        4.225238e+01
    -41.9          7.983511e+01        4.223394e+01
    -41.8          7.979654e+01        4.221550e+01
    -41.7          7.975676e+01        4.219705e+01
    -41.6          7.971258e+01        4.218100e+01
    -41.5          7.966841e+01        4.216518e+01
    -41.4          7.962423e+01        4.214936e+01
    -41.3          7.958006e+01        4.213354e+01
    -41.2          7.953337e+01        4.211772e+01
    -41.1          7.947903e+01        4.210329e+01
    -41.0          7.942470e+01        4.208944e+01
    -40.9          7.937036e+01        4.207560e+01
    -40.8          7.931603e+01        4.206176e+01
    -40.7          7.926150e+01        4.204792e+01
    -40.6          7.920077e+01        4.203456e+01
    -40.5          7.914004e+01        4.202138e+01
    -40.4          7.907931e+01        4.200820e+01
    -40.3          7.901858e+01        4.199501e+01
    -40.2          7.895813e+01        4.198183e+01
    -40.1          7.890203e+01        4.196686e+01
    -40.0          7.884594e+01        4.195025e+01
    -39.9          7.878984e+01        4.193364e+01
    -39.8          7.873375e+01        4.191704e+01
    -39.7          7.867765e+01        4.190043e+01
    -39.6          7.862230e+01        4.188426e+01
    -39.5          7.856710e+01        4.186844e+01
    -39.4          7.851189e+01        4.185262e+01
    -39.3          7.845668e+01        4.183680e+01
    -39.2          7.840147e+01        4.182098e+01
    -39.1          7.835314e+01        4.180521e+01
    -39.0          7.830581e+01        4.178953e+01
    -38.9          7.825848e+01        4.177384e+01
    -38.8          7.821115e+01        4.175816e+01
    -38.7          7.816381e+01        4.174247e+01
    -38.6          7.811252e+01        4.172774e+01
    -38.5          7.805916e+01        4.171456e+01
    -38.4          7.800579e+01        4.170137e+01
    -38.3          7.795242e+01        4.168819e+01
    -38.2          7.789905e+01        4.167500e+01
    -38.1          7.784622e+01        4.166139e+01
    -38.0          7.779363e+01        4.164571e+01
    -37.9          7.774105e+01        4.163003e+01
    -37.8          7.768847e+01        4.161435e+01
    -37.7          7.763588e+01        4.159867e+01
    -37.6          7.757863e+01        4.158242e+01
    -37.5          7.751606e+01        4.156397e+01
    -37.4          7.745349e+01        4.154552e+01
    -37.3          7.739092e+01        4.152707e+01
    -37.2          7.732835e+01        4.150862e+01
    -37.1          7.726815e+01        4.149017e+01
    -37.0          7.721030e+01        4.147172e+01
    -36.9          7.715246e+01        4.145327e+01
    -36.8          7.709462e+01        4.143482e+01
    -36.7          7.703678e+01        4.141638e+01
    -36.6          7.697658e+01        4.139793e+01
    -36.5          7.691032e+01        4.137948e+01
    -36.4          7.684407e+01        4.136104e+01
    -36.3          7.677781e+01        4.134259e+01
    -36.2          7.671156e+01        4.132414e+01
    -36.1          7.664411e+01        4.130570e+01
    -36.0          7.657400e+01        4.128349e+01
    -35.9          7.650390e+01        4.126044e+01
    -35.8          7.643380e+01        4.123738e+01
    -35.7          7.636370e+01        4.121433e+01
    -35.6          7.629292e+01        4.119127e+01
    -35.5          7.621563e+01        4.116542e+01
    -35.4          7.613834e+01        4.113908e+01
    -35.3          7.606105e+01        4.111273e+01
    -35.2          7.598376e+01        4.108639e+01
    -35.1          7.590649e+01        4.106005e+01
    -35.0          7.582938e+01        4.103287e+01
    -34.9          7.575227e+01        4.100521e+01
    -34.8          7.567516e+01        4.097756e+01
    -34.7          7.559804e+01        4.094990e+01
    -34.6          7.552093e+01        4.092224e+01
    -34.5          7.543699e+01        4.089458e+01
    -34.4          7.535235e+01        4.086692e+01
    -34.3          7.526771e+01        4.083926e+01
    -34.2          7.518308e+01        4.081160e+01
    -34.1          7.509844e+01        4.078394e+01
    -34.0          7.500689e+01        4.075597e+01
    -33.9          7.491488e+01        4.072787e+01
    -33.8          7.482286e+01        4.069978e+01
    -33.7          7.473085e+01        4.067168e+01
    -33.6          7.463884e+01        4.064358e+01
    -33.5          7.454091e+01        4.061249e+01
    -33.4          7.444277e+01        4.057839e+01
    -33.3          7.434464e+01        4.054428e+01
    -33.2          7.424651e+01        4.051017e+01
    -33.1          7.414838e+01        4.047607e+01
    -33.0          7.403690e+01        4.044236e+01
    -32.9          7.392098e+01        4.040900e+01
    -32.8          7.380506e+01        4.037564e+01
    -32.7          7.368914e+01        4.034228e+01
    -32.6          7.357322e+01        4.030892e+01
    -32.5          7.345067e+01        4.027532e+01
    -32.4          7.332626e+01        4.024122e+01
    -32.3          7.320184e+01        4.020711e+01
    -32.2          7.307743e+01        4.017301e+01
    -32.1          7.295301e+01        4.013891e+01
    -32.0          7.281681e+01        4.010600e+01
    -31.9          7.267146e+01        4.007527e+01
    -31.8          7.252610e+01        4.004454e+01
    -31.7          7.238075e+01        4.001381e+01
    -31.6          7.223540e+01        3.998308e+01
    -31.5          7.208687e+01        3.995186e+01
    -31.4          7.193616e+01        3.991775e+01
    -31.3          7.178546e+01        3.988365e+01
    -31.2          7.163476e+01        3.984954e+01
    -31.1          7.148406e+01        3.981544e+01
    -31.0          7.132845e+01        3.978099e+01
    -30.9          7.116470e+01        3.974500e+01
    -30.8          7.100095e+01        3.970901e+01
    -30.7          7.083720e+01        3.967302e+01
    -30.6          7.067344e+01        3.963703e+01
    -30.5          7.051144e+01        3.960104e+01
    -30.4          7.035199e+01        3.956153e+01
    -30.3          7.019253e+01        3.952190e+01
    -30.2          7.003308e+01        3.948227e+01
    -30.1          6.987363e+01        3.944264e+01
    -30.0          6.971301e+01        3.940300e+01
    -29.9          6.954742e+01        3.936262e+01
    -29.8          6.938182e+01        3.932225e+01
    -29.7          6.921623e+01        3.928187e+01
    -29.6          6.905064e+01        3.924149e+01
    -29.5          6.888908e+01        3.920111e+01
    -29.4          6.874189e+01        3.915259e+01
    -29.3          6.859470e+01        3.910190e+01
    -29.2          6.844752e+01        3.905121e+01
    -29.1          6.830033e+01        3.900053e+01
    -29.0          6.815316e+01        3.894984e+01
    -28.9          6.802069e+01        3.889390e+01
    -28.8          6.788822e+01        3.883686e+01
    -28.7          6.775574e+01        3.877982e+01
    -28.6          6.762327e+01        3.872278e+01
    -28.5          6.749179e+01        3.866574e+01
    -28.4          6.739015e+01        3.860920e+01
    -28.3          6.728852e+01        3.855299e+01
    -28.2          6.718688e+01        3.849678e+01
    -28.1          6.708525e+01        3.844057e+01
    -28.0          6.698361e+01        3.838436e+01
    -27.9          6.689132e+01        3.834014e+01
    -27.8          6.680115e+01        3.830239e+01
    -27.7          6.671099e+01        3.826465e+01
    -27.6          6.662082e+01        3.822690e+01
    -27.5          6.653066e+01        3.818916e+01
    -27.4          6.645893e+01        3.815179e+01
    -27.3          6.639058e+01        3.811493e+01
    -27.2          6.632224e+01        3.807806e+01
    -27.1          6.625389e+01        3.804120e+01
    -27.0          6.618554e+01        3.800433e+01
    -26.9          6.612197e+01        3.796581e+01
    -26.8          6.606124e+01        3.792543e+01
    -26.7          6.600051e+01        3.788505e+01
    -26.6          6.593978e+01        3.784467e+01
    -26.5          6.587905e+01        3.780429e+01
    -26.4          6.582253e+01        3.776291e+01
    -26.3          6.576820e+01        3.771868e+01
    -26.2          6.571387e+01        3.767444e+01
    -26.1          6.565954e+01        3.763021e+01
    -26.0          6.560521e+01        3.758598e+01
    -25.9          6.555049e+01        3.754211e+01
    -25.8          6.549529e+01        3.749910e+01
    -25.7          6.544008e+01        3.745609e+01
    -25.6          6.538488e+01        3.741309e+01
    -25.5          6.532968e+01        3.737008e+01
    -25.4          6.527653e+01        3.732674e+01
    -25.3          6.522570e+01        3.727975e+01
    -25.2          6.517487e+01        3.723275e+01
    -25.1          6.512405e+01        3.718575e+01
    -25.0          6.507322e+01        3.713876e+01
    -24.9          6.501942e+01        3.709192e+01
    -24.8          6.495686e+01        3.704628e+01
    -24.7          6.489429e+01        3.700064e+01
    -24.6          6.483173e+01        3.695501e+01
    -24.5          6.476916e+01        3.690937e+01
    -24.4          6.470297e+01        3.686373e+01
    -24.3          6.462761e+01        3.681936e+01
    -24.2          6.455225e+01        3.677512e+01
    -24.1          6.447689e+01        3.673089e+01
    -24.0          6.440153e+01        3.668665e+01
    -23.9          6.432520e+01        3.664241e+01
    -23.8          6.423505e+01        3.660347e+01
    -23.7          6.414489e+01        3.656485e+01
    -23.6          6.405473e+01        3.652623e+01
    -23.5          6.396457e+01        3.648762e+01
    -23.4          6.387398e+01        3.644900e+01
    -23.3          6.377936e+01        3.641099e+01
    -23.2          6.368473e+01        3.637320e+01
    -23.1          6.359010e+01        3.633541e+01
    -23.0          6.349547e+01        3.629763e+01
    -22.9          6.340084e+01        3.625984e+01
    -22.8          6.329237e+01        3.621940e+01
    -22.7          6.318198e+01        3.617815e+01
    -22.6          6.307159e+01        3.613690e+01
    -22.5          6.296120e+01        3.609566e+01
    -22.4          6.285081e+01        3.605441e+01
    -22.3          6.273404e+01        3.601049e+01
    -22.2          6.261664e+01        3.596441e+01
    -22.1          6.249924e+01        3.591833e+01
    -22.0          6.238185e+01        3.587225e+01
    -21.9          6.226445e+01        3.582617e+01
    -21.8          6.213154e+01        3.578064e+01
    -21.7          6.199171e+01        3.573549e+01
    -21.6          6.185188e+01        3.569034e+01
    -21.5          6.171205e+01        3.564519e+01
    -21.4          6.157222e+01        3.560004e+01
    -21.3          6.142309e+01        3.555459e+01
    -21.2          6.127038e+01        3.550895e+01
    -21.1          6.111767e+01        3.546332e+01
    -21.0          6.096497e+01        3.541769e+01
    -20.9          6.081226e+01        3.537205e+01
    -20.8          6.065712e+01        3.532320e+01
    -20.7          6.050117e+01        3.526975e+01
    -20.6          6.034523e+01        3.521631e+01
    -20.5          6.018928e+01        3.516286e+01
    -20.4          6.003333e+01        3.510941e+01
    -20.3          5.986732e+01        3.505514e+01
    -20.2          5.969255e+01        3.499986e+01
    -20.1          5.951777e+01        3.494457e+01
    -20.0          5.934300e+01        3.488929e+01
    -19.9          5.916822e+01        3.483401e+01
    -19.8          5.899319e+01        3.477678e+01
    -19.7          5.881797e+01        3.471320e+01
    -19.6          5.864275e+01        3.464963e+01
    -19.5          5.846752e+01        3.458606e+01
    -19.4          5.829230e+01        3.452248e+01
    -19.3          5.811212e+01        3.445831e+01
    -19.2          5.792262e+01        3.439250e+01
    -19.1          5.773313e+01        3.432669e+01
    -19.0          5.754363e+01        3.426088e+01
    -18.9          5.735414e+01        3.419506e+01
    -18.8          5.716872e+01        3.412874e+01
    -18.7          5.699000e+01        3.405412e+01
    -18.6          5.681128e+01        3.397949e+01
    -18.5          5.663256e+01        3.390486e+01
    -18.4          5.645384e+01        3.383024e+01
    -18.3          5.627339e+01        3.375562e+01
    -18.2          5.608389e+01        3.368104e+01
    -18.1          5.589439e+01        3.360646e+01
    -18.0          5.570489e+01        3.353188e+01
    -17.9          5.551539e+01        3.345730e+01
    -17.8          5.532628e+01        3.338272e+01
    -17.7          5.513880e+01        3.330080e+01
    -17.6          5.495132e+01        3.321788e+01
    -17.5          5.476384e+01        3.313497e+01
    -17.4          5.457636e+01        3.305205e+01
    -17.3          5.438888e+01        3.296914e+01
    -17.2          5.418870e+01        3.288582e+01
    -17.1          5.398818e+01        3.280246e+01
    -17.0          5.378766e+01        3.271911e+01
    -16.9          5.358713e+01        3.263576e+01
    -16.8          5.338665e+01        3.255240e+01
    -16.7          5.319742e+01        3.246158e+01
    -16.6          5.300818e+01        3.236761e+01
    -16.5          5.281895e+01        3.227365e+01
    -16.4          5.262971e+01        3.217968e+01
    -16.3          5.244047e+01        3.208572e+01
    -16.2          5.224525e+01        3.199311e+01
    -16.1          5.204839e+01        3.190099e+01
    -16.0          5.185154e+01        3.180886e+01
    -15.9          5.165468e+01        3.171674e+01
    -15.8          5.145783e+01        3.162461e+01
    -15.7          5.126291e+01        3.152618e+01
    -15.6          5.106843e+01        3.142208e+01
    -15.5          5.087395e+01        3.131799e+01
    -15.4          5.067946e+01        3.121389e+01
    -15.3          5.048498e+01        3.110980e+01
    -15.2          5.028578e+01        3.100701e+01
    -15.1          5.008341e+01        3.090524e+01
    -15.0          4.988105e+01        3.080347e+01
    -14.9          4.967868e+01        3.070170e+01
    -14.8          4.947631e+01        3.059994e+01
    -14.7          4.927560e+01        3.049380e+01
    -14.6          4.907586e+01        3.037957e+01
    -14.5          4.887611e+01        3.026534e+01
    -14.4          4.867637e+01        3.015111e+01
    -14.3          4.847663e+01        3.003688e+01
    -14.2          4.826823e+01        2.992306e+01
    -14.1          4.804746e+01        2.980989e+01
    -14.0          4.782670e+01        2.969672e+01
    -13.9          4.760594e+01        2.958354e+01
    -13.8          4.738517e+01        2.947037e+01
    -13.7          4.716983e+01        2.935526e+01
    -13.6          4.696133e+01        2.923090e+01
    -13.5          4.675283e+01        2.910655e+01
    -13.4          4.654433e+01        2.898219e+01
    -13.3          4.633584e+01        2.885783e+01
    -13.2          4.612334e+01        2.873417e+01
    -13.1          4.589706e+01        2.861310e+01
    -13.0          4.567078e+01        2.849203e+01
    -12.9          4.544450e+01        2.837097e+01
    -12.8          4.521821e+01        2.824990e+01
    -12.7          4.499245e+01        2.812884e+01
    -12.6          4.476818e+01        2.799531e+01
    -12.5          4.454391e+01        2.786175e+01
    -12.4          4.431964e+01        2.772819e+01
    -12.3          4.409537e+01        2.759462e+01
    -12.2          4.387027e+01        2.746107e+01
    -12.1          4.362376e+01        2.732772e+01
    -12.0          4.337725e+01        2.719438e+01
    -11.9          4.313073e+01        2.706103e+01
    -11.8          4.288422e+01        2.692769e+01
    -11.7          4.263791e+01        2.679434e+01
    -11.6          4.239437e+01        2.664949e+01
    -11.5          4.215083e+01        2.650211e+01
    -11.4          4.190729e+01        2.635474e+01
    -11.3          4.166376e+01        2.620736e+01
    -11.2          4.142022e+01        2.605998e+01
    -11.1          4.115225e+01        2.591110e+01
    -11.0          4.087999e+01        2.576197e+01
    -10.9          4.060772e+01        2.561283e+01
    -10.8          4.033545e+01        2.546370e+01
    -10.7          4.006318e+01        2.531457e+01
    -10.6          3.978690e+01        2.515471e+01
    -10.5          3.951008e+01        2.498892e+01
    -10.4          3.923325e+01        2.482312e+01
    -10.3          3.895643e+01        2.465732e+01
    -10.2          3.867961e+01        2.449152e+01
    -10.1          3.837531e+01        2.432572e+01
    -10.0          3.805705e+01        2.415993e+01
     -9.9          3.773880e+01        2.399413e+01
     -9.8          3.742054e+01        2.382834e+01
     -9.7          3.710228e+01        2.366254e+01
     -9.6          3.676902e+01        2.348772e+01
     -9.5          3.642913e+01        2.330259e+01
     -9.4          3.608924e+01        2.311745e+01
     -9.3          3.574934e+01        2.293232e+01
     -9.2          3.540945e+01        2.274718e+01
     -9.1          3.503871e+01        2.255141e+01
     -9.0          3.463400e+01        2.234509e+01
     -8.9          3.422928e+01        2.213877e+01
     -8.8          3.382457e+01        2.193246e+01
     -8.7          3.341985e+01        2.172614e+01
     -8.6          3.298346e+01        2.151237e+01
     -8.5          3.251620e+01        2.129219e+01
     -8.4          3.204894e+01        2.107202e+01
     -8.3          3.158168e+01        2.085184e+01
     -8.2          3.111442e+01        2.063166e+01
     -8.1          3.062336e+01        2.039862e+01
     -8.0          3.011177e+01        2.013889e+01
     -7.9          2.960019e+01        1.987915e+01
     -7.8          2.908860e+01        1.961942e+01
     -7.7          2.857702e+01        1.935969e+01
     -7.6          2.802672e+01        1.909492e+01
     -7.5          2.739391e+01        1.882124e+01
     -7.4          2.676109e+01        1.854756e+01
     -7.3          2.612827e+01        1.827389e+01
     -7.2          2.549546e+01        1.800021e+01
     -7.1          2.485295e+01        1.771753e+01
     -7.0          2.419246e+01        1.738320e+01
     -6.9          2.353196e+01        1.704887e+01
     -6.8          2.287146e+01        1.671454e+01
     -6.7          2.221096e+01        1.638021e+01
     -6.6          2.154440e+01        1.604268e+01
     -6.5          2.083801e+01        1.569094e+01
     -6.4          2.013161e+01        1.533920e+01
     -6.3          1.942522e+01        1.498746e+01
     -6.2          1.871882e+01        1.463572e+01
     -6.1          1.802504e+01        1.428398e+01
     -6.0          1.739608e+01        1.388741e+01
     -5.9          1.676712e+01        1.348954e+01
     -5.8          1.613816e+01        1.309166e+01
     -5.7          1.550920e+01        1.269379e+01
     -5.6          1.488024e+01        1.229603e+01
     -5.5          1.429110e+01        1.191359e+01
     -5.4          1.370428e+01        1.153116e+01
     -5.3          1.311746e+01        1.114873e+01
     -5.2          1.253064e+01        1.076629e+01
     -5.1          1.194382e+01        1.038386e+01
     -5.0          1.148510e+01        1.000160e+01
     -4.9          1.102959e+01        9.619387e+00
     -4.8          1.057408e+01        9.237174e+00
     -4.7          1.011857e+01        8.854962e+00
     -4.6          9.663062e+00        8.472749e+00
     -4.5          9.265570e+00        8.139889e+00
     -4.4          8.886620e+00        7.817103e+00
     -4.3          8.507670e+00        7.494317e+00
     -4.2          8.128720e+00        7.171532e+00
     -4.1          7.749770e+00        6.848746e+00
     -4.0          7.466548e+00        6.552412e+00
     -3.9          7.209010e+00        6.272432e+00
     -3.8          6.951472e+00        5.992452e+00
     -3.7          6.693934e+00        5.712473e+00
     -3.6          6.436396e+00        5.432493e+00
     -3.5          6.221896e+00        5.205947e+00
     -3.4          6.039779e+00        5.007716e+00
     -3.3          5.857662e+00        4.809484e+00
     -3.2          5.675546e+00        4.611253e+00
     -3.1          5.493429e+00        4.413021e+00
     -3.0          5.353396e+00        4.234794e+00
     -2.9          5.241271e+00        4.081911e+00
     -2.8          5.129145e+00        3.929028e+00
     -2.7          5.017020e+00        3.776145e+00
     -2.6          4.904894e+00        3.623262e+00
     -2.5          4.808253e+00        3.497271e+00
     -2.4          4.736510e+00        3.400786e+00
     -2.3          4.664767e+00        3.304302e+00
     -2.2          4.593023e+00        3.207817e+00
     -2.1          4.521280e+00        3.111333e+00
     -2.0          4.461108e+00        3.023797e+00
     -1.9          4.417308e+00        2.961170e+00
     -1.8          4.373509e+00        2.898543e+00
     -1.7          4.329709e+00        2.835916e+00
     -1.6          4.285909e+00        2.773289e+00
     -1.5          4.247096e+00        2.718661e+00
     -1.4          4.228699e+00        2.682698e+00
     -1.3          4.210303e+00        2.646735e+00
     -1.2          4.191907e+00        2.610771e+00
     -1.1          4.173511e+00        2.574808e+00
     -1.0          4.159289e+00        2.540299e+00
     -0.9          4.159287e+00        2.520957e+00
     -0.8          4.159286e+00        2.501616e+00
     -0.7          4.159285e+00        2.482275e+00
     -0.6          4.159284e+00        2.462934e+00
     -0.5          4.159517e+00        2.445434e+00
     -0.4          4.185269e+00        2.441047e+00
     -0.3          4.211022e+00        2.436660e+00
     -0.2          4.236774e+00        2.432273e+00
     -0.1          4.262526e+00        2.427886e+00
      0.0          4.289622e+00        2.423499e+00
      0.1          4.349187e+00        2.433169e+00
      0.2          4.408751e+00        2.444219e+00
      0.3          4.468316e+00        2.455270e+00
      0.4          4.527881e+00        2.466320e+00
      0.5          4.587445e+00        2.477370e+00
      0.6          4.684232e+00        2.504522e+00
      0.7          4.789084e+00        2.532587e+00
      0.8          4.893935e+00        2.560652e+00
      0.9          4.998786e+00        2.588718e+00
      1.0          5.103637e+00        2.616783e+00
      1.1          5.252029e+00        2.663449e+00
      1.2          5.407950e+00        2.716862e+00
      1.3          5.563870e+00        2.770275e+00
      1.4          5.719791e+00        2.823689e+00
      1.5          5.875712e+00        2.877102e+00
      1.6          6.077448e+00        2.952180e+00
      1.7          6.305546e+00        3.033748e+00
      1.8          6.533644e+00        3.115315e+00
      1.9          6.761742e+00        3.196883e+00
      2.0          6.989840e+00        3.278450e+00
      2.1          7.272495e+00        3.381782e+00
      2.2          7.582584e+00        3.502423e+00
      2.3          7.892672e+00        3.623064e+00
      2.4          8.202761e+00        3.743705e+00
      2.5          8.512849e+00        3.864347e+00
      2.6          8.880100e+00        4.015371e+00
      2.7          9.317903e+00        4.187277e+00
      2.8          9.755705e+00        4.359183e+00
      2.9          1.019351e+01        4.531089e+00
      3.0          1.063131e+01        4.702995e+00
      3.1          1.110606e+01        4.901975e+00
      3.2          1.162112e+01        5.145099e+00
      3.3          1.213618e+01        5.388223e+00
      3.4          1.265124e+01        5.631348e+00
      3.5          1.316630e+01        5.874472e+00
      3.6          1.371153e+01        6.143254e+00
      3.7          1.434248e+01        6.448079e+00
      3.8          1.497343e+01        6.752903e+00
      3.9          1.560438e+01        7.057728e+00
      4.0          1.623533e+01        7.362553e+00
      4.1          1.688127e+01        7.682208e+00
      4.2          1.756372e+01        8.019878e+00
      4.3          1.824617e+01        8.357547e+00
      4.4          1.892862e+01        8.695217e+00
      4.5          1.961108e+01        9.032886e+00
      4.6          2.028589e+01        9.381415e+00
      4.7          2.094460e+01        9.764515e+00
      4.8          2.160332e+01        1.014761e+01
      4.9          2.226203e+01        1.053071e+01
      5.0          2.292074e+01        1.091381e+01
      5.1          2.357829e+01        1.129479e+01
      5.2          2.422579e+01        1.167017e+01
      5.3          2.487328e+01        1.204555e+01
      5.4          2.552078e+01        1.242093e+01
      5.5          2.616828e+01        1.279631e+01
      5.6          2.680291e+01        1.317194e+01
      5.7          2.735475e+01        1.355135e+01
      5.8          2.790660e+01        1.393076e+01
      5.9          2.845844e+01        1.431018e+01
      6.0          2.901028e+01        1.468959e+01
      6.1          2.956213e+01        1.506397e+01
      6.2          3.007181e+01        1.539198e+01
      6.3          3.057767e+01        1.571999e+01
      6.4          3.108352e+01        1.604801e+01
      6.5          3.158938e+01        1.637602e+01
      6.6          3.209523e+01        1.670403e+01
      6.7          3.251354e+01        1.700906e+01
      6.8          3.292698e+01        1.731111e+01
      6.9          3.334042e+01        1.761316e+01
      7.0          3.375386e+01        1.791521e+01
      7.1          3.416730e+01        1.821726e+01
      7.2          3.454616e+01        1.847455e+01
      7.3          3.491221e+01        1.872801e+01
      7.4          3.527826e+01        1.898147e+01
      7.5          3.564431e+01        1.923493e+01
      7.6          3.601036e+01        1.948839e+01
      7.7          3.633253e+01        1.972538e+01
      7.8          3.664085e+01        1.995560e+01
      7.9          3.694918e+01        2.018581e+01
      8.0          3.725750e+01        2.041603e+01
      8.1          3.756582e+01        2.064624e+01
      8.2          3.785956e+01        2.084872e+01
      8.3          3.814099e+01        2.104166e+01
      8.4          3.842242e+01        2.123460e+01
      8.5          3.870386e+01        2.142754e+01
      8.6          3.898529e+01        2.162048e+01
      8.7          3.924298e+01        2.180679e+01
      8.8          3.948298e+01        2.198728e+01
      8.9          3.972298e+01        2.216776e+01
      9.0          3.996298e+01        2.234825e+01
      9.1          4.020297e+01        2.252873e+01
      9.2          4.044201e+01        2.269538e+01
      9.3          4.067929e+01        2.285148e+01
      9.4          4.091657e+01        2.300758e+01
      9.5          4.115385e+01        2.316368e+01
      9.6          4.139113e+01        2.331978e+01
      9.7          4.161932e+01        2.347473e+01
      9.8          4.183304e+01        2.362759e+01
      9.9          4.204676e+01        2.378044e+01
     10.0          4.226048e+01        2.393330e+01
     10.1          4.247420e+01        2.408615e+01
     10.2          4.268817e+01        2.423411e+01
     10.3          4.290338e+01        2.437442e+01
     10.4          4.311859e+01        2.451473e+01
     10.5          4.333379e+01        2.465505e+01
     10.6          4.354900e+01        2.479536e+01
     10.7          4.376078e+01        2.493594e+01
     10.8          4.395873e+01        2.507774e+01
     10.9          4.415668e+01        2.521954e+01
     11.0          4.435463e+01        2.536134e+01
     11.1          4.455258e+01        2.550315e+01
     11.2          4.475054e+01        2.564313e+01
     11.3          4.496000e+01        2.577642e+01
     11.4          4.516969e+01        2.590971e+01
     11.5          4.537938e+01        2.604301e+01
     11.6          4.558906e+01        2.617630e+01
     11.7          4.579864e+01        2.630960e+01
     11.8          4.599834e+01        2.644588e+01
     11.9          4.619804e+01        2.658216e+01
     12.0          4.639774e+01        2.671843e+01
     12.1          4.659744e+01        2.685471e+01
     12.2          4.679714e+01        2.699066e+01
     12.3          4.700623e+01        2.711781e+01
     12.4          4.721776e+01        2.724496e+01
     12.5          4.742928e+01        2.737211e+01
     12.6          4.764081e+01        2.749926e+01
     12.7          4.785234e+01        2.762641e+01
     12.8          4.805123e+01        2.775577e+01
     12.9          4.824742e+01        2.788560e+01
     13.0          4.844362e+01        2.801543e+01
     13.1          4.863981e+01        2.814526e+01
     13.2          4.883601e+01        2.827509e+01
     13.3          4.903257e+01        2.839884e+01
     13.4          4.922938e+01        2.852161e+01
     13.5          4.942619e+01        2.864437e+01
     13.6          4.962300e+01        2.876713e+01
     13.7          4.981980e+01        2.888990e+01
     13.8          5.001176e+01        2.901306e+01
     13.9          5.020095e+01        2.913644e+01
     14.0          5.039014e+01        2.925982e+01
     14.1          5.057934e+01        2.938320e+01
     14.2          5.076853e+01        2.950659e+01
     14.3          5.096400e+01        2.962236e+01
     14.4          5.116817e+01        2.973460e+01
     14.5          5.137233e+01        2.984684e+01
     14.6          5.157650e+01        2.995908e+01
     14.7          5.178066e+01        3.007132e+01
     14.8          5.197178e+01        3.018533e+01
     14.9          5.214696e+01        3.030134e+01
     15.0          5.232213e+01        3.041736e+01
     15.1          5.249730e+01        3.053337e+01
     15.2          5.267248e+01        3.064938e+01
     15.3          5.284627e+01        3.076126e+01
     15.4          5.301549e+01        3.086912e+01
     15.5          5.318470e+01        3.097698e+01
     15.6          5.335392e+01        3.108484e+01
     15.7          5.352313e+01        3.119270e+01
     15.8          5.369668e+01        3.130024e+01
     15.9          5.388236e+01        3.140704e+01
     16.0          5.406803e+01        3.151384e+01
     16.1          5.425371e+01        3.162064e+01
     16.2          5.443939e+01        3.172744e+01
     16.3          5.462656e+01        3.183273e+01
     16.4          5.484545e+01        3.193492e+01
     16.5          5.506434e+01        3.203712e+01
     16.6          5.528323e+01        3.213931e+01
     16.7          5.550212e+01        3.224151e+01
     16.8          5.572031e+01        3.234064e+01
     16.9          5.592999e+01        3.243447e+01
     17.0          5.613966e+01        3.252829e+01
     17.1          5.634934e+01        3.262211e+01
     17.2          5.655902e+01        3.271593e+01
     17.3          5.676429e+01        3.281033e+01
     17.4          5.693245e+01        3.290792e+01
     17.5          5.710060e+01        3.300551e+01
     17.6          5.726876e+01        3.310310e+01
     17.7          5.743692e+01        3.320069e+01
     17.8          5.760508e+01        3.329658e+01
     17.9          5.776437e+01        3.338513e+01
     18.0          5.792255e+01        3.347369e+01
     18.1          5.808072e+01        3.356225e+01
     18.2          5.823890e+01        3.365081e+01
     18.3          5.839708e+01        3.373937e+01
     18.4          5.854672e+01        3.382506e+01
     18.5          5.869561e+01        3.391068e+01
     18.6          5.884450e+01        3.399630e+01
     18.7          5.899339e+01        3.408192e+01
     18.8          5.914228e+01        3.416744e+01
     18.9          5.930027e+01        3.424459e+01
     19.0          5.946213e+01        3.432175e+01
     19.1          5.962398e+01        3.439891e+01
     19.2          5.978584e+01        3.447607e+01
     19.3          5.994770e+01        3.455322e+01
     19.4          6.010776e+01        3.463272e+01
     19.5          6.026716e+01        3.471281e+01
     19.6          6.042656e+01        3.479290e+01
     19.7          6.058596e+01        3.487299e+01
     19.8          6.074536e+01        3.495308e+01
     19.9          6.090318e+01        3.502706e+01
     20.0          6.105952e+01        3.509983e+01
     20.1          6.121585e+01        3.517261e+01
     20.2          6.137218e+01        3.524538e+01
     20.3          6.152852e+01        3.531815e+01
     20.4          6.167698e+01        3.539089e+01
     20.5          6.181887e+01        3.546361e+01
     20.6          6.196076e+01        3.553633e+01
     20.7          6.210265e+01        3.560905e+01
     20.8          6.224453e+01        3.568177e+01
     20.9          6.238874e+01        3.574876e+01
     21.0          6.253771e+01        3.581276e+01
     21.1          6.268669e+01        3.587676e+01
     21.2          6.283567e+01        3.594077e+01
     21.3          6.298464e+01        3.600477e+01
     21.4          6.313233e+01        3.606855e+01
     21.5          6.327772e+01        3.613207e+01
     21.6          6.342310e+01        3.619559e+01
     21.7          6.356849e+01        3.625910e+01
     21.8          6.371388e+01        3.632262e+01
     21.9          6.385874e+01        3.638468e+01
     22.0          6.400035e+01        3.644517e+01
     22.1          6.414196e+01        3.650565e+01
     22.2          6.428358e+01        3.656614e+01
     22.3          6.442519e+01        3.662663e+01
     22.4          6.456536e+01        3.668793e+01
     22.5          6.469849e+01        3.675145e+01
     22.6          6.483162e+01        3.681496e+01
     22.7          6.496475e+01        3.687848e+01
     22.8          6.509788e+01        3.694199e+01
     22.9          6.523101e+01        3.700245e+01
     23.0          6.536696e+01        3.705593e+01
     23.1          6.550306e+01        3.710940e+01
     23.2          6.563916e+01        3.716287e+01
     23.3          6.577526e+01        3.721634e+01
     23.4          6.591136e+01        3.726981e+01
     23.5          6.602730e+01        3.732319e+01
     23.6          6.614290e+01        3.737658e+01
     23.7          6.625851e+01        3.742997e+01
     23.8          6.637411e+01        3.748336e+01
     23.9          6.648971e+01        3.753654e+01
     24.0          6.660551e+01        3.758825e+01
     24.1          6.672137e+01        3.763997e+01
     24.2          6.683723e+01        3.769169e+01
     24.3          6.695309e+01        3.774340e+01
     24.4          6.706895e+01        3.779512e+01
     24.5          6.718042e+01        3.784415e+01
     24.6          6.729077e+01        3.789293e+01
     24.7          6.740112e+01        3.794171e+01
     24.8          6.751147e+01        3.799049e+01
     24.9          6.762182e+01        3.803927e+01
     25.0          6.773323e+01        3.808251e+01
     25.1          6.784542e+01        3.812546e+01
     25.2          6.795761e+01        3.816841e+01
     25.3          6.806979e+01        3.821136e+01
     25.4          6.818198e+01        3.825431e+01
     25.5          6.828878e+01        3.829952e+01
     25.6          6.839212e+01        3.834554e+01
     25.7          6.849547e+01        3.839155e+01
     25.8          6.859881e+01        3.843757e+01
     25.9          6.870215e+01        3.848359e+01
     26.0          6.880751e+01        3.852723e+01
     26.1          6.891601e+01        3.857018e+01
     26.2          6.902451e+01        3.861313e+01
     26.3          6.913301e+01        3.865608e+01
     26.4          6.924151e+01        3.869903e+01
     26.5          6.934414e+01        3.874112e+01
     26.6          6.943872e+01        3.878253e+01
     26.7          6.953330e+01        3.882394e+01
     26.8          6.962788e+01        3.886535e+01
     26.9          6.972246e+01        3.890676e+01
     27.0          6.981613e+01        3.894490e+01
     27.1          6.990625e+01        3.898084e+01
     27.2          6.999637e+01        3.901677e+01
     27.3          7.008649e+01        3.905271e+01
     27.4          7.017661e+01        3.908864e+01
     27.5          7.026695e+01        3.912420e+01
     27.6          7.035802e+01        3.915917e+01
     27.7          7.044909e+01        3.919413e+01
     27.8          7.054017e+01        3.922910e+01
     27.9          7.063124e+01        3.926406e+01
     28.0          7.072248e+01        3.929943e+01
     28.1          7.082363e+01        3.933536e+01
     28.2          7.092478e+01        3.937130e+01
     28.3          7.102593e+01        3.940723e+01
     28.4          7.112707e+01        3.944316e+01
     28.5          7.122799e+01        3.947947e+01
     28.6          7.132432e+01        3.951720e+01
     28.7          7.142065e+01        3.955492e+01
     28.8          7.151698e+01        3.959265e+01
     28.9          7.161331e+01        3.963038e+01
     29.0          7.170964e+01        3.966676e+01
     29.1          7.181302e+01        3.969897e+01
     29.2          7.191784e+01        3.973117e+01
     29.3          7.202266e+01        3.976338e+01
     29.4          7.212748e+01        3.979559e+01
     29.5          7.223230e+01        3.982639e+01
     29.6          7.233397e+01        3.985355e+01
     29.7          7.243511e+01        3.988071e+01
     29.8          7.253626e+01        3.990787e+01
     29.9          7.263741e+01        3.993504e+01
     30.0          7.273856e+01        3.996253e+01
     30.1          7.283854e+01        3.999473e+01
     30.2          7.293837e+01        4.002693e+01
     30.3          7.303821e+01        4.005913e+01
     30.4          7.313804e+01        4.009133e+01
     30.5          7.323788e+01        4.012320e+01
     30.6          7.334231e+01        4.015212e+01
     30.7          7.344898e+01        4.018104e+01
     30.8          7.355564e+01        4.020995e+01
     30.9          7.366231e+01        4.023887e+01
     31.0          7.376898e+01        4.026779e+01
     31.1          7.386591e+01        4.029471e+01
     31.2          7.395873e+01        4.032139e+01
     31.3          7.405156e+01        4.034806e+01
     31.4          7.414438e+01        4.037474e+01
     31.5          7.423721e+01        4.040141e+01
     31.6          7.432871e+01        4.042691e+01
     31.7          7.441881e+01        4.045232e+01
     31.8          7.450891e+01        4.047773e+01
     31.9          7.459902e+01        4.050313e+01
     32.0          7.468912e+01        4.052854e+01
     32.1          7.477068e+01        4.055354e+01
     32.2          7.484424e+01        4.057839e+01
     32.3          7.491781e+01        4.060323e+01
     32.4          7.499137e+01        4.062807e+01
     32.5          7.506494e+01        4.065291e+01
     32.6          7.513849e+01        4.067554e+01
     32.7          7.521204e+01        4.069744e+01
     32.8          7.528558e+01        4.071933e+01
     32.9          7.535913e+01        4.074123e+01
     33.0          7.543267e+01        4.076312e+01
     33.1          7.550622e+01        4.078512e+01
     33.2          7.557979e+01        4.080719e+01
     33.3          7.565335e+01        4.082927e+01
     33.4          7.572692e+01        4.085134e+01
     33.5          7.580048e+01        4.087342e+01
     33.6          7.587404e+01        4.089289e+01
     33.7          7.594760e+01        4.091040e+01
     33.8          7.602115e+01        4.092792e+01
     33.9          7.609471e+01        4.094543e+01
     34.0          7.616827e+01        4.096294e+01
     34.1          7.624157e+01        4.098044e+01
     34.2          7.631337e+01        4.099791e+01
     34.3          7.638518e+01        4.101538e+01
     34.4          7.645698e+01        4.103285e+01
     34.5          7.652878e+01        4.105031e+01
     34.6          7.660058e+01        4.106780e+01
     34.7          7.667400e+01        4.108532e+01
     34.8          7.674754e+01        4.110283e+01
     34.9          7.682109e+01        4.112035e+01
     35.0          7.689464e+01        4.113786e+01
     35.1          7.696818e+01        4.115520e+01
     35.2          7.703170e+01        4.117175e+01
     35.3          7.709474e+01        4.118830e+01
     35.4          7.715779e+01        4.120486e+01
     35.5          7.722083e+01        4.122141e+01
     35.6          7.728387e+01        4.123721e+01
     35.7          7.734789e+01        4.125034e+01
     35.8          7.741224e+01        4.126346e+01
     35.9          7.747660e+01        4.127659e+01
     36.0          7.754096e+01        4.128972e+01
     36.1          7.760532e+01        4.130285e+01
     36.2          7.766598e+01        4.131663e+01
     36.3          7.772553e+01        4.133042e+01
     36.4          7.778507e+01        4.134421e+01
     36.5          7.784461e+01        4.135799e+01
     36.6          7.790415e+01        4.137165e+01
     36.7          7.796331e+01        4.138214e+01
     36.8          7.802215e+01        4.139264e+01
     36.9          7.808099e+01        4.140314e+01
     37.0          7.813983e+01        4.141364e+01
     37.1          7.819867e+01        4.142414e+01
     37.2          7.825182e+01        4.143355e+01
     37.3          7.830084e+01        4.144273e+01
     37.4          7.834987e+01        4.145191e+01
     37.5          7.839890e+01        4.146109e+01
     37.6          7.844792e+01        4.147027e+01
     37.7          7.849851e+01        4.147832e+01
     37.8          7.855182e+01        4.148619e+01
     37.9          7.860514e+01        4.149406e+01
     38.0          7.865845e+01        4.150193e+01
     38.1          7.871177e+01        4.150980e+01
     38.2          7.876340e+01        4.151792e+01
     38.3          7.881242e+01        4.152618e+01
     38.4          7.886145e+01        4.153444e+01
     38.5          7.891048e+01        4.154269e+01
     38.6          7.895951e+01        4.155095e+01
     38.7          7.900896e+01        4.156196e+01
     38.8          7.906044e+01        4.157421e+01
     38.9          7.911193e+01        4.158646e+01
     39.0          7.916341e+01        4.159871e+01
     39.1          7.921489e+01        4.161096e+01
     39.2          7.926586e+01        4.162526e+01
     39.3          7.931490e+01        4.164181e+01
     39.4          7.936393e+01        4.165836e+01
     39.5          7.941297e+01        4.167492e+01
     39.6          7.946200e+01        4.169147e+01
     39.7          7.951104e+01        4.170627e+01
     39.8          7.955703e+01        4.171940e+01
     39.9          7.960298e+01        4.173253e+01
     40.0          7.964894e+01        4.174566e+01
     40.1          7.969490e+01        4.175879e+01
     40.2          7.974074e+01        4.177184e+01
     40.3          7.978101e+01        4.178470e+01
     40.4          7.982128e+01        4.179756e+01
     40.5          7.986155e+01        4.181042e+01
     40.6          7.990182e+01        4.182328e+01
     40.7          7.994209e+01        4.183653e+01
     40.8          7.998692e+01        4.185053e+01
     40.9          8.003290e+01        4.186453e+01
     41.0          8.007887e+01        4.187854e+01
     41.1          8.012484e+01        4.189254e+01
     41.2          8.017081e+01        4.190786e+01
     41.3          8.021349e+01        4.193270e+01
     41.4          8.025551e+01        4.195754e+01
     41.5          8.029752e+01        4.198237e+01
     41.6          8.033953e+01        4.200721e+01
     41.7          8.038154e+01        4.203277e+01
     41.8          8.042598e+01        4.206221e+01
     41.9          8.047195e+01        4.209165e+01
     42.0          8.051792e+01        4.212109e+01
     42.1          8.056388e+01        4.215052e+01
     42.2          8.060985e+01        4.217902e+01
     42.3          8.065345e+01        4.220354e+01
     42.4          8.069573e+01        4.222807e+01
     42.5          8.073802e+01        4.225259e+01
     42.6          8.078031e+01        4.227712e+01
     42.7          8.082260e+01        4.230164e+01
     42.8          8.086352e+01        4.232016e+01
     42.9          8.090379e+01        4.233855e+01
     43.0          8.094405e+01        4.235694e+01
     43.1          8.098432e+01        4.237533e+01
     43.2          8.102458e+01        4.239364e+01
     43.3          8.106745e+01        4.240676e+01
     43.4          8.111340e+01        4.241989e+01
     43.5          8.115936e+01        4.243302e+01
     43.6          8.120531e+01        4.244615e+01
     43.7          8.125127e+01        4.245927e+01
     43.8          8.129530e+01        4.247071e+01
     43.9          8.133733e+01        4.248173e+01
     44.0          8.137936e+01        4.249276e+01
     44.1          8.142138e+01        4.250378e+01
     44.2          8.146341e+01        4.251481e+01
     44.3          8.150451e+01        4.252465e+01
     44.4          8.154311e+01        4.253426e+01
     44.5          8.158170e+01        4.254388e+01
     44.6          8.162030e+01        4.255349e+01
     44.7          8.165890e+01        4.256311e+01
     44.8          8.169695e+01        4.257303e+01
     44.9          8.173372e+01        4.258314e+01
     45.0          8.177049e+01        4.259324e+01
     45.1          8.180725e+01        4.260335e+01
     45.2          8.184402e+01        4.261345e+01
     45.3          8.188079e+01        4.262149e+01
     45.4          8.191755e+01        4.262848e+01
     45.5          8.195431e+01        4.263547e+01
     45.6          8.199107e+01        4.264246e+01
     45.7          8.202783e+01        4.264945e+01
     45.8          8.206379e+01        4.265660e+01
     45.9          8.209355e+01        4.266394e+01
     46.0          8.212331e+01        4.267128e+01
     46.1          8.215307e+01        4.267862e+01
     46.2          8.218283e+01        4.268596e+01
     46.3          8.221259e+01        4.269227e+01
     46.4          8.223545e+01        4.269751e+01
     46.5          8.225750e+01        4.270274e+01
     46.6          8.227956e+01        4.270797e+01
     46.7          8.230161e+01        4.271321e+01
     46.8          8.232367e+01        4.271801e+01
     46.9          8.234150e+01        4.272168e+01
     47.0          8.235900e+01        4.272534e+01
     47.1          8.237649e+01        4.272900e+01
     47.2          8.239399e+01        4.273266e+01
     47.3          8.241149e+01        4.273626e+01
     47.4          8.242829e+01        4.273974e+01
     47.5          8.244481e+01        4.274322e+01
     47.6          8.246134e+01        4.274670e+01
     47.7          8.247786e+01        4.275018e+01
     47.8          8.249438e+01        4.275349e+01
     47.9          8.250904e+01        4.275531e+01
     48.0          8.252303e+01        4.275713e+01
     48.1          8.253703e+01        4.275895e+01
     48.2          8.255103e+01        4.276077e+01
     48.3          8.256502e+01        4.276223e+01
     48.4          8.257650e+01        4.276132e+01
     48.5          8.258568e+01        4.276042e+01
     48.6          8.259486e+01        4.275952e+01
     48.7          8.260404e+01        4.275862e+01
     48.8          8.261322e+01        4.275772e+01
     48.9          8.262022e+01        4.275593e+01
     49.0          8.262545e+01        4.275406e+01
     49.1          8.263069e+01        4.275219e+01
     49.2          8.263592e+01        4.275032e+01
     49.3          8.264115e+01        4.274845e+01
     49.4          8.264463e+01        4.274332e+01
     49.5          8.264460e+01        4.273804e+01
     49.6          8.264457e+01        4.273275e+01
     49.7          8.264454e+01        4.272747e+01
     49.8          8.264451e+01        4.272219e+01
     49.9          8.264448e+01        4.271690e+01
     50.0          8.264445e+01        4.271162e+01
