                                 g_value (photons/atom/s)
Velocity (km/s)      1807.31 A           1820.34 A           1826.25 A
    -50.0          5.474108e-04        3.405145e-04        3.881580e-04
    -49.9          5.470464e-04        3.404700e-04        3.881231e-04
    -49.8          5.466821e-04        3.404256e-04        3.880882e-04
    -49.7          5.463177e-04        3.403812e-04        3.880532e-04
    -49.6          5.459533e-04        3.403367e-04        3.880183e-04
    -49.5          5.455890e-04        3.402923e-04        3.879834e-04
    -49.4          5.452246e-04        3.402478e-04        3.879484e-04
    -49.3          5.448602e-04        3.402034e-04        3.879135e-04
    -49.2          5.444959e-04        3.401589e-04        3.878786e-04
    -49.1          5.441315e-04        3.401145e-04        3.878436e-04
    -49.0          5.437672e-04        3.400701e-04        3.878087e-04
    -48.9          5.434028e-04        3.400256e-04        3.877738e-04
    -48.8          5.430384e-04        3.399812e-04        3.877388e-04
    -48.7          5.426741e-04        3.399367e-04        3.877039e-04
    -48.6          5.423097e-04        3.398923e-04        3.876690e-04
    -48.5          5.419454e-04        3.398479e-04        3.876340e-04
    -48.4          5.415810e-04        3.398034e-04        3.875991e-04
    -48.3          5.412166e-04        3.397590e-04        3.875642e-04
    -48.2          5.408523e-04        3.397145e-04        3.875292e-04
    -48.1          5.404879e-04        3.396701e-04        3.874943e-04
    -48.0          5.401236e-04        3.396256e-04        3.874593e-04
    -47.9          5.397592e-04        3.395812e-04        3.874244e-04
    -47.8          5.393949e-04        3.395368e-04        3.873895e-04
    -47.7          5.390305e-04        3.395135e-04        3.873545e-04
    -47.6          5.386662e-04        3.395030e-04        3.873196e-04
    -47.5          5.383018e-04        3.394925e-04        3.872847e-04
    -47.4          5.379375e-04        3.394821e-04        3.872498e-04
    -47.3          5.375731e-04        3.394716e-04        3.872148e-04
    -47.2          5.372088e-04        3.394612e-04        3.871799e-04
    -47.1          5.368444e-04        3.394507e-04        3.871450e-04
    -47.0          5.364801e-04        3.394403e-04        3.871101e-04
    -46.9          5.361157e-04        3.394298e-04        3.870752e-04
    -46.8          5.357514e-04        3.394193e-04        3.870402e-04
    -46.7          5.353870e-04        3.394089e-04        3.870053e-04
    -46.6          5.350227e-04        3.393984e-04        3.869704e-04
    -46.5          5.346583e-04        3.393880e-04        3.869355e-04
    -46.4          5.342940e-04        3.393775e-04        3.869006e-04
    -46.3          5.339296e-04        3.393671e-04        3.868656e-04
    -46.2          5.335653e-04        3.393566e-04        3.868307e-04
    -46.1          5.332010e-04        3.393508e-04        3.867958e-04
    -46.0          5.328366e-04        3.393743e-04        3.867609e-04
    -45.9          5.324723e-04        3.393979e-04        3.867259e-04
    -45.8          5.321079e-04        3.394214e-04        3.866910e-04
    -45.7          5.317436e-04        3.394449e-04        3.866561e-04
    -45.6          5.313793e-04        3.394684e-04        3.866212e-04
    -45.5          5.310149e-04        3.394920e-04        3.865862e-04
    -45.4          5.306506e-04        3.395155e-04        3.865513e-04
    -45.3          5.302863e-04        3.395390e-04        3.865164e-04
    -45.2          5.299219e-04        3.395626e-04        3.864814e-04
    -45.1          5.295576e-04        3.395861e-04        3.864465e-04
    -45.0          5.291933e-04        3.396096e-04        3.864116e-04
    -44.9          5.288289e-04        3.396332e-04        3.863766e-04
    -44.8          5.284646e-04        3.396567e-04        3.863417e-04
    -44.7          5.281003e-04        3.396802e-04        3.863068e-04
    -44.6          5.277359e-04        3.397038e-04        3.862718e-04
    -44.5          5.273716e-04        3.397273e-04        3.862369e-04
    -44.4          5.270073e-04        3.397508e-04        3.862020e-04
    -44.3          5.266430e-04        3.397744e-04        3.861670e-04
    -44.2          5.262787e-04        3.397979e-04        3.861321e-04
    -44.1          5.259144e-04        3.398214e-04        3.860972e-04
    -44.0          5.255500e-04        3.398449e-04        3.860622e-04
    -43.9          5.251857e-04        3.398685e-04        3.860273e-04
    -43.8          5.248214e-04        3.398920e-04        3.859924e-04
    -43.7          5.244571e-04        3.399155e-04        3.859574e-04
    -43.6          5.240928e-04        3.399391e-04        3.859225e-04
    -43.5          5.237284e-04        3.399626e-04        3.858876e-04
    -43.4          5.233641e-04        3.399861e-04        3.858527e-04
    -43.3          5.229998e-04        3.400097e-04        3.858177e-04
    -43.2          5.226355e-04        3.400332e-04        3.857828e-04
    -43.1          5.222703e-04        3.400567e-04        3.857479e-04
    -43.0          5.219014e-04        3.400803e-04        3.857129e-04
    -42.9          5.215326e-04        3.401038e-04        3.856780e-04
    -42.8          5.211638e-04        3.401273e-04        3.856431e-04
    -42.7          5.207950e-04        3.401509e-04        3.856081e-04
    -42.6          5.204262e-04        3.401744e-04        3.855732e-04
    -42.5          5.200574e-04        3.401979e-04        3.855383e-04
    -42.4          5.196886e-04        3.402214e-04        3.855034e-04
    -42.3          5.193198e-04        3.402450e-04        3.854684e-04
    -42.2          5.189510e-04        3.402685e-04        3.854335e-04
    -42.1          5.185822e-04        3.402920e-04        3.853986e-04
    -42.0          5.182134e-04        3.403156e-04        3.853636e-04
    -41.9          5.178445e-04        3.403391e-04        3.853287e-04
    -41.8          5.174757e-04        3.403626e-04        3.852938e-04
    -41.7          5.171069e-04        3.403862e-04        3.852588e-04
    -41.6          5.167381e-04        3.404097e-04        3.852239e-04
    -41.5          5.163693e-04        3.404332e-04        3.851890e-04
    -41.4          5.160041e-04        3.404568e-04        3.851540e-04
    -41.3          5.156398e-04        3.404803e-04        3.851191e-04
    -41.2          5.152755e-04        3.405038e-04        3.850842e-04
    -41.1          5.149112e-04        3.405274e-04        3.850492e-04
    -41.0          5.145469e-04        3.405509e-04        3.850143e-04
    -40.9          5.141826e-04        3.405744e-04        3.849794e-04
    -40.8          5.138183e-04        3.405980e-04        3.849445e-04
    -40.7          5.134540e-04        3.406215e-04        3.849096e-04
    -40.6          5.130897e-04        3.406450e-04        3.848747e-04
    -40.5          5.127254e-04        3.406686e-04        3.848398e-04
    -40.4          5.123611e-04        3.406921e-04        3.848048e-04
    -40.3          5.119968e-04        3.407156e-04        3.847699e-04
    -40.2          5.116325e-04        3.407392e-04        3.847350e-04
    -40.1          5.112682e-04        3.407627e-04        3.847001e-04
    -40.0          5.109039e-04        3.407863e-04        3.846652e-04
    -39.9          5.105396e-04        3.408098e-04        3.846303e-04
    -39.8          5.101753e-04        3.408333e-04        3.845954e-04
    -39.7          5.098110e-04        3.408569e-04        3.845605e-04
    -39.6          5.094467e-04        3.408804e-04        3.845256e-04
    -39.5          5.090824e-04        3.409039e-04        3.844906e-04
    -39.4          5.087181e-04        3.409275e-04        3.844557e-04
    -39.3          5.083538e-04        3.409510e-04        3.844204e-04
    -39.2          5.079896e-04        3.409745e-04        3.843851e-04
    -39.1          5.076253e-04        3.409981e-04        3.843497e-04
    -39.0          5.072610e-04        3.410216e-04        3.843143e-04
    -38.9          5.068967e-04        3.410451e-04        3.842790e-04
    -38.8          5.065324e-04        3.410686e-04        3.842436e-04
    -38.7          5.061681e-04        3.410922e-04        3.842083e-04
    -38.6          5.058038e-04        3.411157e-04        3.841729e-04
    -38.5          5.054395e-04        3.411392e-04        3.841376e-04
    -38.4          5.050752e-04        3.411627e-04        3.841022e-04
    -38.3          5.047109e-04        3.411863e-04        3.840669e-04
    -38.2          5.043466e-04        3.412098e-04        3.840315e-04
    -38.1          5.039824e-04        3.412333e-04        3.839962e-04
    -38.0          5.036181e-04        3.412569e-04        3.839608e-04
    -37.9          5.032538e-04        3.412804e-04        3.839254e-04
    -37.8          5.028895e-04        3.413041e-04        3.838901e-04
    -37.7          5.025253e-04        3.413279e-04        3.838550e-04
    -37.6          5.021610e-04        3.413518e-04        3.838201e-04
    -37.5          5.017967e-04        3.413756e-04        3.837852e-04
    -37.4          5.014325e-04        3.413994e-04        3.837502e-04
    -37.3          5.010682e-04        3.414232e-04        3.837153e-04
    -37.2          5.007039e-04        3.414471e-04        3.836804e-04
    -37.1          5.003396e-04        3.414709e-04        3.836455e-04
    -37.0          4.999754e-04        3.414947e-04        3.836105e-04
    -36.9          4.996111e-04        3.415185e-04        3.835756e-04
    -36.8          4.992468e-04        3.415424e-04        3.835407e-04
    -36.7          4.988825e-04        3.415662e-04        3.835058e-04
    -36.6          4.985183e-04        3.415900e-04        3.834708e-04
    -36.5          4.981540e-04        3.416138e-04        3.834359e-04
    -36.4          4.977897e-04        3.416377e-04        3.834010e-04
    -36.3          4.974255e-04        3.416615e-04        3.833661e-04
    -36.2          4.970612e-04        3.416852e-04        3.833311e-04
    -36.1          4.966969e-04        3.417087e-04        3.832962e-04
    -36.0          4.963327e-04        3.417322e-04        3.832613e-04
    -35.9          4.959684e-04        3.417557e-04        3.832264e-04
    -35.8          4.956042e-04        3.417793e-04        3.831915e-04
    -35.7          4.952399e-04        3.418028e-04        3.831565e-04
    -35.6          4.948756e-04        3.418263e-04        3.831216e-04
    -35.5          4.945114e-04        3.418499e-04        3.830867e-04
    -35.4          4.941471e-04        3.418734e-04        3.830518e-04
    -35.3          4.937828e-04        3.418969e-04        3.830169e-04
    -35.2          4.934186e-04        3.419204e-04        3.829820e-04
    -35.1          4.930543e-04        3.419440e-04        3.829470e-04
    -35.0          4.926901e-04        3.419675e-04        3.829121e-04
    -34.9          4.923258e-04        3.419910e-04        3.828772e-04
    -34.8          4.919615e-04        3.420145e-04        3.828423e-04
    -34.7          4.915973e-04        3.420381e-04        3.828074e-04
    -34.6          4.912330e-04        3.420616e-04        3.827725e-04
    -34.5          4.908688e-04        3.420851e-04        3.827376e-04
    -34.4          4.905045e-04        3.421087e-04        3.827026e-04
    -34.3          4.901403e-04        3.421322e-04        3.826677e-04
    -34.2          4.897760e-04        3.421557e-04        3.826328e-04
    -34.1          4.894118e-04        3.421793e-04        3.825979e-04
    -34.0          4.890475e-04        3.422028e-04        3.825629e-04
    -33.9          4.886832e-04        3.422263e-04        3.825280e-04
    -33.8          4.883190e-04        3.422499e-04        3.824931e-04
    -33.7          4.879547e-04        3.422734e-04        3.824582e-04
    -33.6          4.875905e-04        3.422970e-04        3.824233e-04
    -33.5          4.872262e-04        3.423205e-04        3.823883e-04
    -33.4          4.868620e-04        3.423440e-04        3.823534e-04
    -33.3          4.864977e-04        3.423676e-04        3.823185e-04
    -33.2          4.861335e-04        3.423911e-04        3.822836e-04
    -33.1          4.857692e-04        3.424146e-04        3.822486e-04
    -33.0          4.854050e-04        3.424382e-04        3.822137e-04
    -32.9          4.850407e-04        3.424617e-04        3.821788e-04
    -32.8          4.846765e-04        3.424852e-04        3.821439e-04
    -32.7          4.843122e-04        3.425087e-04        3.821089e-04
    -32.6          4.839480e-04        3.425323e-04        3.820740e-04
    -32.5          4.835837e-04        3.425558e-04        3.820391e-04
    -32.4          4.832195e-04        3.425793e-04        3.820042e-04
    -32.3          4.828552e-04        3.426028e-04        3.819693e-04
    -32.2          4.824910e-04        3.426264e-04        3.819343e-04
    -32.1          4.821267e-04        3.426499e-04        3.818994e-04
    -32.0          4.817625e-04        3.426734e-04        3.818645e-04
    -31.9          4.813983e-04        3.426969e-04        3.818296e-04
    -31.8          4.810340e-04        3.427205e-04        3.817946e-04
    -31.7          4.806698e-04        3.427440e-04        3.817597e-04
    -31.6          4.803055e-04        3.427675e-04        3.817248e-04
    -31.5          4.799413e-04        3.427910e-04        3.816899e-04
    -31.4          4.795771e-04        3.428146e-04        3.816550e-04
    -31.3          4.792129e-04        3.428381e-04        3.816200e-04
    -31.2          4.788487e-04        3.428616e-04        3.815851e-04
    -31.1          4.784844e-04        3.428851e-04        3.815502e-04
    -31.0          4.781202e-04        3.429087e-04        3.815153e-04
    -30.9          4.777560e-04        3.429322e-04        3.814803e-04
    -30.8          4.773918e-04        3.429557e-04        3.814454e-04
    -30.7          4.770276e-04        3.429792e-04        3.814105e-04
    -30.6          4.766634e-04        3.430028e-04        3.813756e-04
    -30.5          4.762992e-04        3.430263e-04        3.813407e-04
    -30.4          4.759350e-04        3.430498e-04        3.813057e-04
    -30.3          4.755708e-04        3.430733e-04        3.812708e-04
    -30.2          4.752066e-04        3.430969e-04        3.812359e-04
    -30.1          4.748424e-04        3.431204e-04        3.812010e-04
    -30.0          4.744782e-04        3.431439e-04        3.811661e-04
    -29.9          4.741140e-04        3.431675e-04        3.811311e-04
    -29.8          4.737498e-04        3.431910e-04        3.810962e-04
    -29.7          4.733855e-04        3.432145e-04        3.810613e-04
    -29.6          4.730213e-04        3.432380e-04        3.810264e-04
    -29.5          4.726571e-04        3.432615e-04        3.810055e-04
    -29.4          4.722929e-04        3.432851e-04        3.809984e-04
    -29.3          4.719287e-04        3.433086e-04        3.809913e-04
    -29.2          4.715644e-04        3.433321e-04        3.809841e-04
    -29.1          4.712002e-04        3.433556e-04        3.809770e-04
    -29.0          4.708360e-04        3.433791e-04        3.809698e-04
    -28.9          4.704718e-04        3.434026e-04        3.809627e-04
    -28.8          4.701075e-04        3.434262e-04        3.809555e-04
    -28.7          4.697433e-04        3.434497e-04        3.809484e-04
    -28.6          4.693791e-04        3.434732e-04        3.809413e-04
    -28.5          4.690149e-04        3.434967e-04        3.809341e-04
    -28.4          4.686507e-04        3.435202e-04        3.809270e-04
    -28.3          4.682864e-04        3.435437e-04        3.809198e-04
    -28.2          4.679222e-04        3.435673e-04        3.809127e-04
    -28.1          4.675580e-04        3.435908e-04        3.809055e-04
    -28.0          4.671938e-04        3.436143e-04        3.808984e-04
    -27.9          4.668296e-04        3.436378e-04        3.808933e-04
    -27.8          4.664654e-04        3.436614e-04        3.809143e-04
    -27.7          4.661012e-04        3.436849e-04        3.809353e-04
    -27.6          4.657370e-04        3.437084e-04        3.809562e-04
    -27.5          4.653728e-04        3.437320e-04        3.809772e-04
    -27.4          4.650086e-04        3.437555e-04        3.809982e-04
    -27.3          4.646444e-04        3.437791e-04        3.810191e-04
    -27.2          4.642802e-04        3.438026e-04        3.810401e-04
    -27.1          4.639160e-04        3.438261e-04        3.810611e-04
    -27.0          4.635518e-04        3.438497e-04        3.810820e-04
    -26.9          4.631876e-04        3.438732e-04        3.811030e-04
    -26.8          4.628234e-04        3.438967e-04        3.811240e-04
    -26.7          4.624592e-04        3.439203e-04        3.811449e-04
    -26.6          4.620950e-04        3.439438e-04        3.811659e-04
    -26.5          4.617308e-04        3.439673e-04        3.811869e-04
    -26.4          4.613666e-04        3.439909e-04        3.812078e-04
    -26.3          4.610024e-04        3.440144e-04        3.812288e-04
    -26.2          4.606382e-04        3.440379e-04        3.812498e-04
    -26.1          4.602740e-04        3.440615e-04        3.812707e-04
    -26.0          4.599098e-04        3.440850e-04        3.812917e-04
    -25.9          4.595456e-04        3.441085e-04        3.813127e-04
    -25.8          4.591814e-04        3.441320e-04        3.813336e-04
    -25.7          4.588172e-04        3.441555e-04        3.813546e-04
    -25.6          4.584531e-04        3.441791e-04        3.813756e-04
    -25.5          4.580889e-04        3.442026e-04        3.813965e-04
    -25.4          4.577247e-04        3.442261e-04        3.814175e-04
    -25.3          4.573605e-04        3.442496e-04        3.814385e-04
    -25.2          4.569963e-04        3.442732e-04        3.814594e-04
    -25.1          4.566321e-04        3.442967e-04        3.814804e-04
    -25.0          4.562679e-04        3.443202e-04        3.815014e-04
    -24.9          4.559037e-04        3.443437e-04        3.815223e-04
    -24.8          4.555395e-04        3.443672e-04        3.815433e-04
    -24.7          4.551754e-04        3.443908e-04        3.815643e-04
    -24.6          4.548112e-04        3.444143e-04        3.815852e-04
    -24.5          4.544470e-04        3.444378e-04        3.816062e-04
    -24.4          4.540828e-04        3.444613e-04        3.816271e-04
    -24.3          4.537186e-04        3.444848e-04        3.816481e-04
    -24.2          4.533544e-04        3.445084e-04        3.816691e-04
    -24.1          4.529903e-04        3.445319e-04        3.816900e-04
    -24.0          4.526261e-04        3.445554e-04        3.817110e-04
    -23.9          4.522619e-04        3.445789e-04        3.817319e-04
    -23.8          4.518977e-04        3.446024e-04        3.817529e-04
    -23.7          4.515335e-04        3.446260e-04        3.817738e-04
    -23.6          4.511693e-04        3.446495e-04        3.817948e-04
    -23.5          4.508052e-04        3.446730e-04        3.818158e-04
    -23.4          4.504410e-04        3.446965e-04        3.818367e-04
    -23.3          4.500768e-04        3.447200e-04        3.818577e-04
    -23.2          4.497126e-04        3.447436e-04        3.818786e-04
    -23.1          4.493484e-04        3.447671e-04        3.818996e-04
    -23.0          4.489843e-04        3.447906e-04        3.819205e-04
    -22.9          4.486201e-04        3.448141e-04        3.819415e-04
    -22.8          4.482560e-04        3.448376e-04        3.819625e-04
    -22.7          4.478918e-04        3.448611e-04        3.819834e-04
    -22.6          4.475276e-04        3.448847e-04        3.820044e-04
    -22.5          4.471635e-04        3.449082e-04        3.820254e-04
    -22.4          4.467993e-04        3.449317e-04        3.820463e-04
    -22.3          4.464351e-04        3.449552e-04        3.820673e-04
    -22.2          4.460710e-04        3.449787e-04        3.820883e-04
    -22.1          4.457068e-04        3.450022e-04        3.821092e-04
    -22.0          4.453427e-04        3.450258e-04        3.821302e-04
    -21.9          4.449785e-04        3.450493e-04        3.821512e-04
    -21.8          4.446143e-04        3.450728e-04        3.821721e-04
    -21.7          4.442502e-04        3.450963e-04        3.821931e-04
    -21.6          4.438860e-04        3.451198e-04        3.822140e-04
    -21.5          4.435194e-04        3.451433e-04        3.822350e-04
    -21.4          4.431507e-04        3.451669e-04        3.822560e-04
    -21.3          4.427821e-04        3.451904e-04        3.822769e-04
    -21.2          4.424134e-04        3.452139e-04        3.822979e-04
    -21.1          4.420448e-04        3.452375e-04        3.823189e-04
    -21.0          4.416761e-04        3.452610e-04        3.823398e-04
    -20.9          4.413075e-04        3.452845e-04        3.823608e-04
    -20.8          4.409388e-04        3.453081e-04        3.823818e-04
    -20.7          4.405702e-04        3.453316e-04        3.824027e-04
    -20.6          4.402015e-04        3.453551e-04        3.824237e-04
    -20.5          4.398329e-04        3.453787e-04        3.824447e-04
    -20.4          4.394642e-04        3.454022e-04        3.824656e-04
    -20.3          4.390956e-04        3.454257e-04        3.824866e-04
    -20.2          4.387269e-04        3.454493e-04        3.825075e-04
    -20.1          4.383582e-04        3.454728e-04        3.825285e-04
    -20.0          4.379896e-04        3.454963e-04        3.825495e-04
    -19.9          4.376216e-04        3.455199e-04        3.825704e-04
    -19.8          4.372575e-04        3.455434e-04        3.825914e-04
    -19.7          4.368933e-04        3.455669e-04        3.826124e-04
    -19.6          4.365292e-04        3.455904e-04        3.826336e-04
    -19.5          4.361651e-04        3.456139e-04        3.826548e-04
    -19.4          4.358009e-04        3.456375e-04        3.826760e-04
    -19.3          4.354368e-04        3.456610e-04        3.826973e-04
    -19.2          4.350726e-04        3.456845e-04        3.827185e-04
    -19.1          4.347085e-04        3.457080e-04        3.827397e-04
    -19.0          4.343444e-04        3.457315e-04        3.827609e-04
    -18.9          4.339802e-04        3.457550e-04        3.827822e-04
    -18.8          4.336161e-04        3.457786e-04        3.828034e-04
    -18.7          4.332519e-04        3.458021e-04        3.828246e-04
    -18.6          4.328878e-04        3.458256e-04        3.828459e-04
    -18.5          4.325237e-04        3.458491e-04        3.828671e-04
    -18.4          4.321595e-04        3.458726e-04        3.828883e-04
    -18.3          4.317954e-04        3.458961e-04        3.829095e-04
    -18.2          4.314312e-04        3.459196e-04        3.829308e-04
    -18.1          4.310671e-04        3.459432e-04        3.829520e-04
    -18.0          4.307030e-04        3.459667e-04        3.829731e-04
    -17.9          4.303389e-04        3.459902e-04        3.829940e-04
    -17.8          4.299747e-04        3.460137e-04        3.830150e-04
    -17.7          4.296106e-04        3.460373e-04        3.830359e-04
    -17.6          4.292465e-04        3.460608e-04        3.830569e-04
    -17.5          4.288823e-04        3.460843e-04        3.830779e-04
    -17.4          4.285182e-04        3.461078e-04        3.830988e-04
    -17.3          4.281541e-04        3.461313e-04        3.831198e-04
    -17.2          4.277899e-04        3.461549e-04        3.831408e-04
    -17.1          4.274258e-04        3.461784e-04        3.831617e-04
    -17.0          4.270617e-04        3.462019e-04        3.831827e-04
    -16.9          4.266976e-04        3.462254e-04        3.832036e-04
    -16.8          4.263334e-04        3.462490e-04        3.832246e-04
    -16.7          4.259693e-04        3.462725e-04        3.832456e-04
    -16.6          4.256052e-04        3.462960e-04        3.832665e-04
    -16.5          4.252411e-04        3.463195e-04        3.832875e-04
    -16.4          4.248769e-04        3.463432e-04        3.833085e-04
    -16.3          4.245128e-04        3.463670e-04        3.833294e-04
    -16.2          4.241487e-04        3.463908e-04        3.833504e-04
    -16.1          4.237846e-04        3.464146e-04        3.833713e-04
    -16.0          4.234204e-04        3.464385e-04        3.833923e-04
    -15.9          4.230563e-04        3.464623e-04        3.834132e-04
    -15.8          4.226922e-04        3.464861e-04        3.834342e-04
    -15.7          4.223281e-04        3.465099e-04        3.834551e-04
    -15.6          4.219640e-04        3.465337e-04        3.834761e-04
    -15.5          4.215998e-04        3.465575e-04        3.834970e-04
    -15.4          4.212357e-04        3.465813e-04        3.835180e-04
    -15.3          4.208716e-04        3.466051e-04        3.835389e-04
    -15.2          4.205075e-04        3.466289e-04        3.835599e-04
    -15.1          4.201434e-04        3.466527e-04        3.835808e-04
    -15.0          4.197792e-04        3.466765e-04        3.836018e-04
    -14.9          4.194151e-04        3.467004e-04        3.836227e-04
    -14.8          4.190510e-04        3.467241e-04        3.836437e-04
    -14.7          4.186869e-04        3.467476e-04        3.836646e-04
    -14.6          4.183228e-04        3.467711e-04        3.836856e-04
    -14.5          4.179587e-04        3.467947e-04        3.837065e-04
    -14.4          4.175946e-04        3.468182e-04        3.837275e-04
    -14.3          4.172305e-04        3.468417e-04        3.837485e-04
    -14.2          4.168664e-04        3.468653e-04        3.837694e-04
    -14.1          4.165023e-04        3.468888e-04        3.837904e-04
    -14.0          4.161382e-04        3.469123e-04        3.838114e-04
    -13.9          4.157741e-04        3.469358e-04        3.838323e-04
    -13.8          4.154100e-04        3.469594e-04        3.838533e-04
    -13.7          4.150459e-04        3.469829e-04        3.838742e-04
    -13.6          4.146818e-04        3.470064e-04        3.838952e-04
    -13.5          4.143177e-04        3.470300e-04        3.839162e-04
    -13.4          4.139536e-04        3.470535e-04        3.839371e-04
    -13.3          4.135894e-04        3.470770e-04        3.839581e-04
    -13.2          4.132254e-04        3.471005e-04        3.839791e-04
    -13.1          4.128613e-04        3.471241e-04        3.840000e-04
    -13.0          4.124972e-04        3.471476e-04        3.840210e-04
    -12.9          4.121331e-04        3.471711e-04        3.840419e-04
    -12.8          4.117690e-04        3.471946e-04        3.840629e-04
    -12.7          4.114049e-04        3.472181e-04        3.840839e-04
    -12.6          4.110408e-04        3.472416e-04        3.841048e-04
    -12.5          4.106767e-04        3.472651e-04        3.841258e-04
    -12.4          4.103126e-04        3.472887e-04        3.841467e-04
    -12.3          4.099485e-04        3.473122e-04        3.841677e-04
    -12.2          4.095844e-04        3.473357e-04        3.841887e-04
    -12.1          4.092203e-04        3.473592e-04        3.842096e-04
    -12.0          4.088562e-04        3.473827e-04        3.842306e-04
    -11.9          4.084921e-04        3.474062e-04        3.842515e-04
    -11.8          4.081280e-04        3.474297e-04        3.842725e-04
    -11.7          4.077639e-04        3.474533e-04        3.842935e-04
    -11.6          4.074158e-04        3.474768e-04        3.843144e-04
    -11.5          4.071793e-04        3.475003e-04        3.843354e-04
    -11.4          4.069428e-04        3.475238e-04        3.843563e-04
    -11.3          4.067064e-04        3.475473e-04        3.843773e-04
    -11.2          4.064699e-04        3.475708e-04        3.843983e-04
    -11.1          4.062334e-04        3.475943e-04        3.844192e-04
    -11.0          4.059969e-04        3.476178e-04        3.844402e-04
    -10.9          4.057604e-04        3.476414e-04        3.844612e-04
    -10.8          4.055239e-04        3.476649e-04        3.844821e-04
    -10.7          4.052875e-04        3.476884e-04        3.845031e-04
    -10.6          4.050510e-04        3.477119e-04        3.845241e-04
    -10.5          4.048145e-04        3.477354e-04        3.845450e-04
    -10.4          4.045780e-04        3.477589e-04        3.845660e-04
    -10.3          4.043415e-04        3.477824e-04        3.845869e-04
    -10.2          4.041050e-04        3.478060e-04        3.846079e-04
    -10.1          4.038685e-04        3.478295e-04        3.846289e-04
    -10.0          4.036321e-04        3.478530e-04        3.846498e-04
     -9.9          4.034613e-04        3.478765e-04        3.846708e-04
     -9.8          4.033508e-04        3.479000e-04        3.846918e-04
     -9.7          4.032404e-04        3.479235e-04        3.847127e-04
     -9.6          4.031300e-04        3.479470e-04        3.847336e-04
     -9.5          4.030196e-04        3.479706e-04        3.847546e-04
     -9.4          4.029091e-04        3.479941e-04        3.847755e-04
     -9.3          4.027987e-04        3.480176e-04        3.847965e-04
     -9.2          4.026883e-04        3.480411e-04        3.848174e-04
     -9.1          4.025779e-04        3.480646e-04        3.848384e-04
     -9.0          4.024674e-04        3.480881e-04        3.848593e-04
     -8.9          4.023570e-04        3.481117e-04        3.848802e-04
     -8.8          4.022466e-04        3.481352e-04        3.849012e-04
     -8.7          4.021362e-04        3.481587e-04        3.849221e-04
     -8.6          4.020258e-04        3.481822e-04        3.849431e-04
     -8.5          4.019153e-04        3.482057e-04        3.849640e-04
     -8.4          4.018049e-04        3.482293e-04        3.849850e-04
     -8.3          4.016945e-04        3.482528e-04        3.850059e-04
     -8.2          4.015840e-04        3.482763e-04        3.850268e-04
     -8.1          4.014736e-04        3.482998e-04        3.850478e-04
     -8.0          4.013632e-04        3.483233e-04        3.850688e-04
     -7.9          4.012527e-04        3.483468e-04        3.850897e-04
     -7.8          4.011423e-04        3.483704e-04        3.851107e-04
     -7.7          4.010319e-04        3.483939e-04        3.851317e-04
     -7.6          4.009214e-04        3.484174e-04        3.851526e-04
     -7.5          4.008110e-04        3.484409e-04        3.851736e-04
     -7.4          4.007005e-04        3.484645e-04        3.851946e-04
     -7.3          4.005901e-04        3.484880e-04        3.852155e-04
     -7.2          4.004797e-04        3.485115e-04        3.852365e-04
     -7.1          4.003692e-04        3.485350e-04        3.852574e-04
     -7.0          4.002588e-04        3.485585e-04        3.852784e-04
     -6.9          4.001484e-04        3.485821e-04        3.852994e-04
     -6.8          4.000379e-04        3.486056e-04        3.853203e-04
     -6.7          3.999275e-04        3.486291e-04        3.853413e-04
     -6.6          3.998170e-04        3.486526e-04        3.853623e-04
     -6.5          3.997066e-04        3.486781e-04        3.853832e-04
     -6.4          3.995962e-04        3.487039e-04        3.854042e-04
     -6.3          3.994858e-04        3.487297e-04        3.854251e-04
     -6.2          3.993753e-04        3.487555e-04        3.854461e-04
     -6.1          3.992649e-04        3.487813e-04        3.854670e-04
     -6.0          3.991545e-04        3.488070e-04        3.854880e-04
     -5.9          3.990441e-04        3.488328e-04        3.855089e-04
     -5.8          3.989336e-04        3.488586e-04        3.855299e-04
     -5.7          3.988232e-04        3.488844e-04        3.855508e-04
     -5.6          3.987128e-04        3.489101e-04        3.855718e-04
     -5.5          3.986024e-04        3.489359e-04        3.855927e-04
     -5.4          3.984919e-04        3.489617e-04        3.856137e-04
     -5.3          3.983815e-04        3.489875e-04        3.856347e-04
     -5.2          3.982711e-04        3.490133e-04        3.856556e-04
     -5.1          3.981606e-04        3.490390e-04        3.856766e-04
     -5.0          3.980502e-04        3.490648e-04        3.856975e-04
     -4.9          3.979398e-04        3.490915e-04        3.857185e-04
     -4.8          3.978294e-04        3.491195e-04        3.857394e-04
     -4.7          3.977190e-04        3.491475e-04        3.857604e-04
     -4.6          3.976086e-04        3.491755e-04        3.857814e-04
     -4.5          3.974982e-04        3.492035e-04        3.858023e-04
     -4.4          3.973877e-04        3.492315e-04        3.858233e-04
     -4.3          3.972773e-04        3.492595e-04        3.858442e-04
     -4.2          3.971669e-04        3.492875e-04        3.858652e-04
     -4.1          3.970565e-04        3.493156e-04        3.858862e-04
     -4.0          3.969461e-04        3.493436e-04        3.859071e-04
     -3.9          3.968357e-04        3.493716e-04        3.859281e-04
     -3.8          3.967253e-04        3.493996e-04        3.859491e-04
     -3.7          3.966148e-04        3.494276e-04        3.859700e-04
     -3.6          3.965044e-04        3.494556e-04        3.859910e-04
     -3.5          3.963940e-04        3.494836e-04        3.860120e-04
     -3.4          3.962836e-04        3.495116e-04        3.860329e-04
     -3.3          3.961732e-04        3.495396e-04        3.860539e-04
     -3.2          3.960628e-04        3.495676e-04        3.860748e-04
     -3.1          3.959524e-04        3.495956e-04        3.860958e-04
     -3.0          3.958419e-04        3.496236e-04        3.861167e-04
     -2.9          3.957315e-04        3.496516e-04        3.861377e-04
     -2.8          3.956211e-04        3.496796e-04        3.861586e-04
     -2.7          3.955107e-04        3.497076e-04        3.861795e-04
     -2.6          3.954003e-04        3.497356e-04        3.862005e-04
     -2.5          3.952898e-04        3.497636e-04        3.862214e-04
     -2.4          3.951794e-04        3.497916e-04        3.862424e-04
     -2.3          3.950690e-04        3.498196e-04        3.862633e-04
     -2.2          3.949586e-04        3.498476e-04        3.862843e-04
     -2.1          3.948482e-04        3.498756e-04        3.863052e-04
     -2.0          3.947377e-04        3.499036e-04        3.863261e-04
     -1.9          3.946273e-04        3.499316e-04        3.863471e-04
     -1.8          3.945169e-04        3.499596e-04        3.863680e-04
     -1.7          3.944065e-04        3.499876e-04        3.863890e-04
     -1.6          3.942954e-04        3.500156e-04        3.864099e-04
     -1.5          3.941836e-04        3.500436e-04        3.864309e-04
     -1.4          3.940718e-04        3.500716e-04        3.864518e-04
     -1.3          3.939601e-04        3.500996e-04        3.864728e-04
     -1.2          3.938483e-04        3.501276e-04        3.864938e-04
     -1.1          3.937365e-04        3.501556e-04        3.865147e-04
     -1.0          3.936247e-04        3.501836e-04        3.865357e-04
     -0.9          3.935130e-04        3.502117e-04        3.865566e-04
     -0.8          3.934012e-04        3.502397e-04        3.865776e-04
     -0.7          3.932894e-04        3.502677e-04        3.865986e-04
     -0.6          3.931776e-04        3.502957e-04        3.866195e-04
     -0.5          3.930658e-04        3.503237e-04        3.866405e-04
     -0.4          3.929541e-04        3.503517e-04        3.866615e-04
     -0.3          3.928423e-04        3.503797e-04        3.866824e-04
     -0.2          3.927305e-04        3.504077e-04        3.867034e-04
     -0.1          3.926187e-04        3.504357e-04        3.867243e-04
      0.0          3.925071e-04        3.504637e-04        3.867453e-04
      0.1          3.923967e-04        3.504917e-04        3.867663e-04
      0.2          3.922863e-04        3.505197e-04        3.867872e-04
      0.3          3.921759e-04        3.505477e-04        3.868082e-04
      0.4          3.920655e-04        3.505757e-04        3.868291e-04
      0.5          3.919551e-04        3.506037e-04        3.868501e-04
      0.6          3.918447e-04        3.506317e-04        3.868710e-04
      0.7          3.917343e-04        3.506597e-04        3.868920e-04
      0.8          3.916239e-04        3.506877e-04        3.869129e-04
      0.9          3.915134e-04        3.507157e-04        3.869339e-04
      1.0          3.914030e-04        3.507437e-04        3.869548e-04
      1.1          3.912926e-04        3.507717e-04        3.869758e-04
      1.2          3.911822e-04        3.507996e-04        3.869967e-04
      1.3          3.910718e-04        3.508276e-04        3.870177e-04
      1.4          3.909614e-04        3.508556e-04        3.870386e-04
      1.5          3.908510e-04        3.508836e-04        3.870596e-04
      1.6          3.907406e-04        3.509116e-04        3.870805e-04
      1.7          3.906302e-04        3.509396e-04        3.871016e-04
      1.8          3.905198e-04        3.509676e-04        3.871228e-04
      1.9          3.904094e-04        3.509956e-04        3.871441e-04
      2.0          3.902990e-04        3.510237e-04        3.871653e-04
      2.1          3.901886e-04        3.510517e-04        3.871865e-04
      2.2          3.900782e-04        3.510797e-04        3.872077e-04
      2.3          3.899678e-04        3.511077e-04        3.872289e-04
      2.4          3.898574e-04        3.511357e-04        3.872502e-04
      2.5          3.897470e-04        3.511637e-04        3.872714e-04
      2.6          3.896366e-04        3.511917e-04        3.872926e-04
      2.7          3.895262e-04        3.512197e-04        3.873138e-04
      2.8          3.894158e-04        3.512477e-04        3.873351e-04
      2.9          3.893054e-04        3.512757e-04        3.873563e-04
      3.0          3.891950e-04        3.513037e-04        3.873775e-04
      3.1          3.890846e-04        3.513317e-04        3.873987e-04
      3.2          3.889742e-04        3.513597e-04        3.874199e-04
      3.3          3.888638e-04        3.513877e-04        3.874411e-04
      3.4          3.887534e-04        3.514161e-04        3.874620e-04
      3.5          3.886430e-04        3.514444e-04        3.874830e-04
      3.6          3.885326e-04        3.514728e-04        3.875039e-04
      3.7          3.884222e-04        3.515011e-04        3.875249e-04
      3.8          3.883118e-04        3.515294e-04        3.875458e-04
      3.9          3.882014e-04        3.515578e-04        3.875668e-04
      4.0          3.880910e-04        3.515861e-04        3.875877e-04
      4.1          3.879806e-04        3.516145e-04        3.876087e-04
      4.2          3.878702e-04        3.516428e-04        3.876296e-04
      4.3          3.877598e-04        3.516711e-04        3.876505e-04
      4.4          3.876494e-04        3.516995e-04        3.876715e-04
      4.5          3.875390e-04        3.517278e-04        3.876924e-04
      4.6          3.874286e-04        3.517562e-04        3.877134e-04
      4.7          3.873182e-04        3.517845e-04        3.877343e-04
      4.8          3.872078e-04        3.518129e-04        3.877553e-04
      4.9          3.870974e-04        3.518412e-04        3.877762e-04
      5.0          3.869870e-04        3.518693e-04        3.877972e-04
      5.1          3.868766e-04        3.518973e-04        3.878181e-04
      5.2          3.867662e-04        3.519253e-04        3.878391e-04
      5.3          3.866558e-04        3.519533e-04        3.878600e-04
      5.4          3.865454e-04        3.519813e-04        3.878810e-04
      5.5          3.864350e-04        3.520092e-04        3.879020e-04
      5.6          3.863246e-04        3.520372e-04        3.879229e-04
      5.7          3.862141e-04        3.520652e-04        3.879439e-04
      5.8          3.861037e-04        3.520932e-04        3.879648e-04
      5.9          3.859933e-04        3.521212e-04        3.879858e-04
      6.0          3.858829e-04        3.521492e-04        3.880067e-04
      6.1          3.857725e-04        3.521772e-04        3.880277e-04
      6.2          3.856621e-04        3.522052e-04        3.880487e-04
      6.3          3.855517e-04        3.522332e-04        3.880696e-04
      6.4          3.854413e-04        3.522612e-04        3.880906e-04
      6.5          3.853309e-04        3.522892e-04        3.881115e-04
      6.6          3.852205e-04        3.523171e-04        3.881325e-04
      6.7          3.851101e-04        3.523451e-04        3.881534e-04
      6.8          3.849997e-04        3.523731e-04        3.881744e-04
      6.9          3.848893e-04        3.524011e-04        3.881953e-04
      7.0          3.847789e-04        3.524292e-04        3.882163e-04
      7.1          3.846685e-04        3.524572e-04        3.882372e-04
      7.2          3.845581e-04        3.524852e-04        3.882582e-04
      7.3          3.844477e-04        3.525132e-04        3.882791e-04
      7.4          3.843373e-04        3.525412e-04        3.883001e-04
      7.5          3.842269e-04        3.525692e-04        3.883210e-04
      7.6          3.841166e-04        3.525972e-04        3.883420e-04
      7.7          3.840062e-04        3.526252e-04        3.883629e-04
      7.8          3.838958e-04        3.526532e-04        3.883839e-04
      7.9          3.837854e-04        3.526812e-04        3.884048e-04
      8.0          3.836750e-04        3.527092e-04        3.884258e-04
      8.1          3.835646e-04        3.527372e-04        3.884467e-04
      8.2          3.834542e-04        3.527652e-04        3.884677e-04
      8.3          3.833438e-04        3.527932e-04        3.884886e-04
      8.4          3.832334e-04        3.528211e-04        3.885096e-04
      8.5          3.831231e-04        3.528491e-04        3.885305e-04
      8.6          3.830127e-04        3.528771e-04        3.885515e-04
      8.7          3.829023e-04        3.529051e-04        3.885724e-04
      8.8          3.827919e-04        3.529331e-04        3.885934e-04
      8.9          3.826815e-04        3.529611e-04        3.886143e-04
      9.0          3.825711e-04        3.529891e-04        3.886353e-04
      9.1          3.824607e-04        3.530171e-04        3.886562e-04
      9.2          3.823503e-04        3.530451e-04        3.886772e-04
      9.3          3.822400e-04        3.530731e-04        3.886981e-04
      9.4          3.821296e-04        3.531011e-04        3.887191e-04
      9.5          3.820192e-04        3.531290e-04        3.887400e-04
      9.6          3.819088e-04        3.531570e-04        3.887610e-04
      9.7          3.817984e-04        3.531850e-04        3.887819e-04
      9.8          3.816880e-04        3.532130e-04        3.888029e-04
      9.9          3.815776e-04        3.532410e-04        3.888238e-04
     10.0          3.814673e-04        3.532690e-04        3.888448e-04
     10.1          3.813569e-04        3.532970e-04        3.888657e-04
     10.2          3.812465e-04        3.533250e-04        3.888867e-04
     10.3          3.811361e-04        3.533530e-04        3.889076e-04
     10.4          3.810257e-04        3.533810e-04        3.889285e-04
     10.5          3.809153e-04        3.534090e-04        3.889495e-04
     10.6          3.808049e-04        3.534370e-04        3.889704e-04
     10.7          3.806945e-04        3.534650e-04        3.889914e-04
     10.8          3.805841e-04        3.534930e-04        3.890123e-04
     10.9          3.804738e-04        3.535210e-04        3.890333e-04
     11.0          3.803634e-04        3.535490e-04        3.890542e-04
     11.1          3.802530e-04        3.535770e-04        3.890751e-04
     11.2          3.801426e-04        3.536050e-04        3.890961e-04
     11.3          3.800322e-04        3.536330e-04        3.891170e-04
     11.4          3.799218e-04        3.536610e-04        3.891380e-04
     11.5          3.798114e-04        3.536890e-04        3.891605e-04
     11.6          3.797010e-04        3.537170e-04        3.891994e-04
     11.7          3.795907e-04        3.537450e-04        3.892383e-04
     11.8          3.794803e-04        3.537730e-04        3.892771e-04
     11.9          3.793699e-04        3.538010e-04        3.893160e-04
     12.0          3.792595e-04        3.538290e-04        3.893548e-04
     12.1          3.791491e-04        3.538569e-04        3.893937e-04
     12.2          3.790387e-04        3.538849e-04        3.894326e-04
     12.3          3.789283e-04        3.539129e-04        3.894714e-04
     12.4          3.788179e-04        3.539409e-04        3.895103e-04
     12.5          3.787076e-04        3.539689e-04        3.895491e-04
     12.6          3.785972e-04        3.539969e-04        3.895880e-04
     12.7          3.784868e-04        3.540249e-04        3.896269e-04
     12.8          3.783764e-04        3.540529e-04        3.896657e-04
     12.9          3.782660e-04        3.540809e-04        3.897046e-04
     13.0          3.781556e-04        3.541088e-04        3.897434e-04
     13.1          3.780452e-04        3.541368e-04        3.897823e-04
     13.2          3.779349e-04        3.541648e-04        3.898328e-04
     13.3          3.778245e-04        3.541928e-04        3.898894e-04
     13.4          3.777141e-04        3.542208e-04        3.899460e-04
     13.5          3.776037e-04        3.542488e-04        3.900025e-04
     13.6          3.774933e-04        3.542768e-04        3.900591e-04
     13.7          3.773830e-04        3.543048e-04        3.901157e-04
     13.8          3.772726e-04        3.543328e-04        3.901722e-04
     13.9          3.771622e-04        3.543608e-04        3.902288e-04
     14.0          3.770518e-04        3.543888e-04        3.902854e-04
     14.1          3.769414e-04        3.544168e-04        3.903420e-04
     14.2          3.768311e-04        3.544448e-04        3.903985e-04
     14.3          3.767207e-04        3.544728e-04        3.904551e-04
     14.4          3.766103e-04        3.545008e-04        3.905117e-04
     14.5          3.764999e-04        3.545288e-04        3.905682e-04
     14.6          3.763895e-04        3.545568e-04        3.906248e-04
     14.7          3.762792e-04        3.545848e-04        3.906814e-04
     14.8          3.761688e-04        3.546128e-04        3.907379e-04
     14.9          3.760584e-04        3.546408e-04        3.907945e-04
     15.0          3.759480e-04        3.546688e-04        3.908510e-04
     15.1          3.758376e-04        3.546968e-04        3.909076e-04
     15.2          3.757273e-04        3.547248e-04        3.909641e-04
     15.3          3.756169e-04        3.547528e-04        3.910207e-04
     15.4          3.755065e-04        3.547808e-04        3.910772e-04
     15.5          3.753962e-04        3.548087e-04        3.911338e-04
     15.6          3.752858e-04        3.548367e-04        3.911903e-04
     15.7          3.751754e-04        3.548647e-04        3.912469e-04
     15.8          3.750650e-04        3.548927e-04        3.913034e-04
     15.9          3.749547e-04        3.549207e-04        3.913600e-04
     16.0          3.748443e-04        3.549487e-04        3.914165e-04
     16.1          3.747339e-04        3.549767e-04        3.914731e-04
     16.2          3.746235e-04        3.550046e-04        3.915297e-04
     16.3          3.745132e-04        3.550326e-04        3.915862e-04
     16.4          3.744028e-04        3.550606e-04        3.916428e-04
     16.5          3.742924e-04        3.550886e-04        3.916993e-04
     16.6          3.741820e-04        3.551166e-04        3.917558e-04
     16.7          3.740717e-04        3.551446e-04        3.918124e-04
     16.8          3.739613e-04        3.551726e-04        3.918689e-04
     16.9          3.738509e-04        3.552005e-04        3.919255e-04
     17.0          3.737406e-04        3.552285e-04        3.919820e-04
     17.1          3.736302e-04        3.552565e-04        3.920386e-04
     17.2          3.735198e-04        3.552845e-04        3.920951e-04
     17.3          3.734095e-04        3.553125e-04        3.921517e-04
     17.4          3.732991e-04        3.553405e-04        3.922082e-04
     17.5          3.731887e-04        3.553685e-04        3.922648e-04
     17.6          3.730783e-04        3.553964e-04        3.923213e-04
     17.7          3.729680e-04        3.554244e-04        3.923779e-04
     17.8          3.728576e-04        3.554524e-04        3.924344e-04
     17.9          3.727472e-04        3.554804e-04        3.924910e-04
     18.0          3.726369e-04        3.555084e-04        3.925475e-04
     18.1          3.725265e-04        3.555364e-04        3.926041e-04
     18.2          3.724161e-04        3.555644e-04        3.926606e-04
     18.3          3.723058e-04        3.555924e-04        3.927172e-04
     18.4          3.721954e-04        3.556203e-04        3.927737e-04
     18.5          3.720850e-04        3.556483e-04        3.928303e-04
     18.6          3.719746e-04        3.556763e-04        3.928868e-04
     18.7          3.718642e-04        3.557043e-04        3.929434e-04
     18.8          3.717539e-04        3.557323e-04        3.929999e-04
     18.9          3.716435e-04        3.557603e-04        3.930565e-04
     19.0          3.715331e-04        3.557883e-04        3.931130e-04
     19.1          3.714227e-04        3.558163e-04        3.931696e-04
     19.2          3.713124e-04        3.558443e-04        3.932261e-04
     19.3          3.712020e-04        3.558723e-04        3.932827e-04
     19.4          3.710916e-04        3.559003e-04        3.933393e-04
     19.5          3.709812e-04        3.559283e-04        3.933958e-04
     19.6          3.708708e-04        3.559563e-04        3.934524e-04
     19.7          3.707605e-04        3.559843e-04        3.935089e-04
     19.8          3.706501e-04        3.560123e-04        3.935655e-04
     19.9          3.705397e-04        3.560403e-04        3.936220e-04
     20.0          3.704282e-04        3.560683e-04        3.936785e-04
     20.1          3.703165e-04        3.560962e-04        3.937351e-04
     20.2          3.702048e-04        3.561242e-04        3.937916e-04
     20.3          3.700930e-04        3.561522e-04        3.938482e-04
     20.4          3.699813e-04        3.561802e-04        3.939047e-04
     20.5          3.698696e-04        3.562082e-04        3.939613e-04
     20.6          3.697579e-04        3.562361e-04        3.940178e-04
     20.7          3.696462e-04        3.562641e-04        3.940744e-04
     20.8          3.695344e-04        3.562921e-04        3.941309e-04
     20.9          3.694227e-04        3.563201e-04        3.941874e-04
     21.0          3.693110e-04        3.563481e-04        3.942440e-04
     21.1          3.691993e-04        3.563761e-04        3.943005e-04
     21.2          3.690876e-04        3.564040e-04        3.943571e-04
     21.3          3.689759e-04        3.564320e-04        3.944136e-04
     21.4          3.688641e-04        3.564600e-04        3.944705e-04
     21.5          3.687524e-04        3.564880e-04        3.945278e-04
     21.6          3.686413e-04        3.565160e-04        3.945850e-04
     21.7          3.685309e-04        3.565440e-04        3.946422e-04
     21.8          3.684206e-04        3.565720e-04        3.946995e-04
     21.9          3.683102e-04        3.566000e-04        3.947567e-04
     22.0          3.681999e-04        3.566280e-04        3.948140e-04
     22.1          3.680895e-04        3.566560e-04        3.948712e-04
     22.2          3.679791e-04        3.566839e-04        3.949285e-04
     22.3          3.678688e-04        3.567119e-04        3.949857e-04
     22.4          3.677584e-04        3.567399e-04        3.950430e-04
     22.5          3.676481e-04        3.567679e-04        3.951002e-04
     22.6          3.675377e-04        3.567959e-04        3.951574e-04
     22.7          3.674273e-04        3.568239e-04        3.952147e-04
     22.8          3.673170e-04        3.568519e-04        3.952719e-04
     22.9          3.672066e-04        3.568799e-04        3.953292e-04
     23.0          3.670963e-04        3.569079e-04        3.953862e-04
     23.1          3.669859e-04        3.569359e-04        3.954428e-04
     23.2          3.668755e-04        3.569639e-04        3.954993e-04
     23.3          3.667652e-04        3.569919e-04        3.955559e-04
     23.4          3.666548e-04        3.570198e-04        3.956124e-04
     23.5          3.665444e-04        3.570478e-04        3.956690e-04
     23.6          3.664341e-04        3.570758e-04        3.957255e-04
     23.7          3.663237e-04        3.571038e-04        3.957821e-04
     23.8          3.662133e-04        3.571318e-04        3.958386e-04
     23.9          3.661030e-04        3.571597e-04        3.958951e-04
     24.0          3.659926e-04        3.571877e-04        3.959517e-04
     24.1          3.658822e-04        3.572157e-04        3.960082e-04
     24.2          3.657719e-04        3.572437e-04        3.960648e-04
     24.3          3.656615e-04        3.572717e-04        3.961213e-04
     24.4          3.655511e-04        3.572997e-04        3.961779e-04
     24.5          3.654408e-04        3.573276e-04        3.962344e-04
     24.6          3.653304e-04        3.573556e-04        3.962910e-04
     24.7          3.652200e-04        3.573836e-04        3.963475e-04
     24.8          3.651097e-04        3.574119e-04        3.964040e-04
     24.9          3.649993e-04        3.574402e-04        3.964606e-04
     25.0          3.648889e-04        3.574686e-04        3.965171e-04
     25.1          3.647786e-04        3.574969e-04        3.965737e-04
     25.2          3.646682e-04        3.575253e-04        3.966302e-04
     25.3          3.645579e-04        3.575536e-04        3.966867e-04
     25.4          3.644475e-04        3.575820e-04        3.967433e-04
     25.5          3.643372e-04        3.576103e-04        3.967998e-04
     25.6          3.642268e-04        3.576386e-04        3.968563e-04
     25.7          3.641165e-04        3.576670e-04        3.969129e-04
     25.8          3.640061e-04        3.576953e-04        3.969694e-04
     25.9          3.638958e-04        3.577237e-04        3.970259e-04
     26.0          3.637854e-04        3.577520e-04        3.970825e-04
     26.1          3.636751e-04        3.577804e-04        3.971390e-04
     26.2          3.635647e-04        3.578087e-04        3.971956e-04
     26.3          3.634544e-04        3.578370e-04        3.972521e-04
     26.4          3.633440e-04        3.578652e-04        3.973086e-04
     26.5          3.632337e-04        3.578932e-04        3.973652e-04
     26.6          3.631233e-04        3.579211e-04        3.974217e-04
     26.7          3.630130e-04        3.579491e-04        3.974783e-04
     26.8          3.629026e-04        3.579771e-04        3.975348e-04
     26.9          3.627923e-04        3.580051e-04        3.975914e-04
     27.0          3.626819e-04        3.580331e-04        3.976479e-04
     27.1          3.625716e-04        3.580610e-04        3.977044e-04
     27.2          3.624613e-04        3.580890e-04        3.977610e-04
     27.3          3.623509e-04        3.581170e-04        3.978175e-04
     27.4          3.622406e-04        3.581450e-04        3.978741e-04
     27.5          3.621302e-04        3.581730e-04        3.979306e-04
     27.6          3.620199e-04        3.582009e-04        3.979871e-04
     27.7          3.619095e-04        3.582289e-04        3.980437e-04
     27.8          3.617992e-04        3.582569e-04        3.981002e-04
     27.9          3.616888e-04        3.582849e-04        3.981568e-04
     28.0          3.615785e-04        3.583129e-04        3.982133e-04
     28.1          3.614682e-04        3.583408e-04        3.982699e-04
     28.2          3.613578e-04        3.583688e-04        3.983264e-04
     28.3          3.612475e-04        3.583968e-04        3.983829e-04
     28.4          3.611371e-04        3.584248e-04        3.984395e-04
     28.5          3.610268e-04        3.584528e-04        3.984960e-04
     28.6          3.609164e-04        3.584808e-04        3.985525e-04
     28.7          3.608061e-04        3.585087e-04        3.986091e-04
     28.8          3.606957e-04        3.585367e-04        3.986656e-04
     28.9          3.605854e-04        3.585647e-04        3.987222e-04
     29.0          3.604750e-04        3.585927e-04        3.987787e-04
     29.1          3.603647e-04        3.586207e-04        3.988352e-04
     29.2          3.602543e-04        3.586486e-04        3.988918e-04
     29.3          3.601440e-04        3.586766e-04        3.989483e-04
     29.4          3.600336e-04        3.587046e-04        3.990049e-04
     29.5          3.599233e-04        3.587326e-04        3.990614e-04
     29.6          3.598129e-04        3.587606e-04        3.991179e-04
     29.7          3.597026e-04        3.587886e-04        3.991745e-04
     29.8          3.595922e-04        3.588165e-04        3.992310e-04
     29.9          3.594949e-04        3.588445e-04        3.992875e-04
     30.0          3.594153e-04        3.588725e-04        3.993441e-04
     30.1          3.593358e-04        3.589005e-04        3.994006e-04
     30.2          3.592562e-04        3.589285e-04        3.994571e-04
     30.3          3.591767e-04        3.589565e-04        3.995137e-04
     30.4          3.590971e-04        3.589845e-04        3.995702e-04
     30.5          3.590176e-04        3.590125e-04        3.996268e-04
     30.6          3.589380e-04        3.590404e-04        3.996833e-04
     30.7          3.588585e-04        3.590684e-04        3.997398e-04
     30.8          3.587789e-04        3.590964e-04        3.997964e-04
     30.9          3.586994e-04        3.591244e-04        3.998529e-04
     31.0          3.586198e-04        3.591524e-04        3.999094e-04
     31.1          3.585403e-04        3.591804e-04        3.999660e-04
     31.2          3.584607e-04        3.592084e-04        4.000225e-04
     31.3          3.583812e-04        3.592363e-04        4.000790e-04
     31.4          3.583016e-04        3.592643e-04        4.001356e-04
     31.5          3.582221e-04        3.592923e-04        4.001921e-04
     31.6          3.581683e-04        3.593203e-04        4.002486e-04
     31.7          3.581203e-04        3.593483e-04        4.003052e-04
     31.8          3.580723e-04        3.593762e-04        4.003617e-04
     31.9          3.580243e-04        3.594042e-04        4.004182e-04
     32.0          3.579764e-04        3.594322e-04        4.004748e-04
     32.1          3.579284e-04        3.594602e-04        4.005313e-04
     32.2          3.578804e-04        3.594882e-04        4.005878e-04
     32.3          3.578324e-04        3.595161e-04        4.006444e-04
     32.4          3.577844e-04        3.595441e-04        4.007009e-04
     32.5          3.577364e-04        3.595721e-04        4.007574e-04
     32.6          3.576885e-04        3.596001e-04        4.008140e-04
     32.7          3.576405e-04        3.596280e-04        4.008705e-04
     32.8          3.575925e-04        3.596560e-04        4.009270e-04
     32.9          3.575445e-04        3.596840e-04        4.009836e-04
     33.0          3.574965e-04        3.597120e-04        4.010401e-04
     33.1          3.574485e-04        3.597400e-04        4.010966e-04
     33.2          3.574006e-04        3.597680e-04        4.011532e-04
     33.3          3.573526e-04        3.597959e-04        4.012097e-04
     33.4          3.573046e-04        3.598239e-04        4.012662e-04
     33.5          3.572566e-04        3.598519e-04        4.013228e-04
     33.6          3.572086e-04        3.598799e-04        4.013793e-04
     33.7          3.571606e-04        3.599079e-04        4.014358e-04
     33.8          3.571127e-04        3.599359e-04        4.014924e-04
     33.9          3.570647e-04        3.599639e-04        4.015489e-04
     34.0          3.570167e-04        3.599918e-04        4.016054e-04
     34.1          3.569687e-04        3.600198e-04        4.016620e-04
     34.2          3.569207e-04        3.600478e-04        4.017185e-04
     34.3          3.568728e-04        3.600758e-04        4.017750e-04
     34.4          3.568248e-04        3.601038e-04        4.018316e-04
     34.5          3.567768e-04        3.601318e-04        4.018881e-04
     34.6          3.567288e-04        3.601591e-04        4.019446e-04
     34.7          3.566808e-04        3.601828e-04        4.020012e-04
     34.8          3.566328e-04        3.602065e-04        4.020577e-04
     34.9          3.565849e-04        3.602303e-04        4.021142e-04
     35.0          3.565369e-04        3.602540e-04        4.021707e-04
     35.1          3.564889e-04        3.602777e-04        4.022273e-04
     35.2          3.564409e-04        3.603014e-04        4.022838e-04
     35.3          3.563929e-04        3.603251e-04        4.023403e-04
     35.4          3.563449e-04        3.603488e-04        4.023969e-04
     35.5          3.562969e-04        3.603725e-04        4.024534e-04
     35.6          3.562489e-04        3.603963e-04        4.025099e-04
     35.7          3.562009e-04        3.604200e-04        4.025664e-04
     35.8          3.561529e-04        3.604437e-04        4.026230e-04
     35.9          3.561049e-04        3.604674e-04        4.026795e-04
     36.0          3.560569e-04        3.604911e-04        4.027360e-04
     36.1          3.560089e-04        3.605148e-04        4.027926e-04
     36.2          3.559609e-04        3.605385e-04        4.028491e-04
     36.3          3.559130e-04        3.605594e-04        4.029056e-04
     36.4          3.558650e-04        3.605788e-04        4.029622e-04
     36.5          3.558170e-04        3.605982e-04        4.030187e-04
     36.6          3.557690e-04        3.606176e-04        4.030753e-04
     36.7          3.557210e-04        3.606370e-04        4.031318e-04
     36.8          3.556730e-04        3.606564e-04        4.031883e-04
     36.9          3.556250e-04        3.606758e-04        4.032449e-04
     37.0          3.555771e-04        3.606952e-04        4.033014e-04
     37.1          3.555291e-04        3.607146e-04        4.033580e-04
     37.2          3.554811e-04        3.607339e-04        4.034145e-04
     37.3          3.554331e-04        3.607533e-04        4.034710e-04
     37.4          3.553851e-04        3.607727e-04        4.035276e-04
     37.5          3.553372e-04        3.607921e-04        4.035841e-04
     37.6          3.552892e-04        3.608115e-04        4.036407e-04
     37.7          3.552412e-04        3.608309e-04        4.036972e-04
     37.8          3.551932e-04        3.608503e-04        4.037537e-04
     37.9          3.551452e-04        3.608697e-04        4.038103e-04
     38.0          3.550973e-04        3.608891e-04        4.038668e-04
     38.1          3.550493e-04        3.609085e-04        4.039233e-04
     38.2          3.550013e-04        3.609279e-04        4.039798e-04
     38.3          3.549533e-04        3.609473e-04        4.040364e-04
     38.4          3.549053e-04        3.609667e-04        4.040929e-04
     38.5          3.548574e-04        3.609861e-04        4.041494e-04
     38.6          3.548094e-04        3.610055e-04        4.042059e-04
     38.7          3.547614e-04        3.610249e-04        4.042625e-04
     38.8          3.547134e-04        3.610443e-04        4.043190e-04
     38.9          3.546655e-04        3.610636e-04        4.043755e-04
     39.0          3.546175e-04        3.610830e-04        4.044321e-04
     39.1          3.545695e-04        3.611024e-04        4.044886e-04
     39.2          3.545215e-04        3.611218e-04        4.045451e-04
     39.3          3.544735e-04        3.611412e-04        4.046016e-04
     39.4          3.544256e-04        3.611606e-04        4.046582e-04
     39.5          3.543776e-04        3.611800e-04        4.047147e-04
     39.6          3.543296e-04        3.611994e-04        4.047712e-04
     39.7          3.542816e-04        3.612188e-04        4.048277e-04
     39.8          3.542337e-04        3.612382e-04        4.048843e-04
     39.9          3.541852e-04        3.612576e-04        4.049408e-04
     40.0          3.541367e-04        3.612770e-04        4.049973e-04
     40.1          3.540881e-04        3.612964e-04        4.050538e-04
     40.2          3.540395e-04        3.613158e-04        4.051103e-04
     40.3          3.539910e-04        3.613351e-04        4.051669e-04
     40.4          3.539424e-04        3.613545e-04        4.052234e-04
     40.5          3.538938e-04        3.613739e-04        4.052799e-04
     40.6          3.538453e-04        3.613933e-04        4.053364e-04
     40.7          3.537967e-04        3.614127e-04        4.053930e-04
     40.8          3.537482e-04        3.614321e-04        4.054495e-04
     40.9          3.536996e-04        3.614515e-04        4.055060e-04
     41.0          3.536510e-04        3.614709e-04        4.055625e-04
     41.1          3.536025e-04        3.614903e-04        4.056190e-04
     41.2          3.535539e-04        3.615097e-04        4.056756e-04
     41.3          3.535053e-04        3.615291e-04        4.057321e-04
     41.4          3.534568e-04        3.615485e-04        4.057886e-04
     41.5          3.534085e-04        3.615679e-04        4.058451e-04
     41.6          3.533605e-04        3.615873e-04        4.059017e-04
     41.7          3.533125e-04        3.616067e-04        4.059582e-04
     41.8          3.532645e-04        3.616261e-04        4.060147e-04
     41.9          3.532166e-04        3.616455e-04        4.060712e-04
     42.0          3.531686e-04        3.616648e-04        4.061278e-04
     42.1          3.531206e-04        3.616842e-04        4.061843e-04
     42.2          3.530726e-04        3.617036e-04        4.062408e-04
     42.3          3.530247e-04        3.617230e-04        4.062973e-04
     42.4          3.529767e-04        3.617424e-04        4.063538e-04
     42.5          3.529287e-04        3.617618e-04        4.064104e-04
     42.6          3.528807e-04        3.617812e-04        4.064669e-04
     42.7          3.528328e-04        3.618006e-04        4.065235e-04
     42.8          3.527848e-04        3.618200e-04        4.065807e-04
     42.9          3.527368e-04        3.618394e-04        4.066379e-04
     43.0          3.526889e-04        3.618588e-04        4.066951e-04
     43.1          3.526409e-04        3.618782e-04        4.067524e-04
     43.2          3.525929e-04        3.618976e-04        4.068096e-04
     43.3          3.525449e-04        3.619170e-04        4.068668e-04
     43.4          3.524970e-04        3.619364e-04        4.069240e-04
     43.5          3.524490e-04        3.619558e-04        4.069813e-04
     43.6          3.524010e-04        3.619752e-04        4.070385e-04
     43.7          3.523530e-04        3.619946e-04        4.070957e-04
     43.8          3.523051e-04        3.620140e-04        4.071530e-04
     43.9          3.522571e-04        3.620334e-04        4.072102e-04
     44.0          3.522091e-04        3.620528e-04        4.072674e-04
     44.1          3.521612e-04        3.620722e-04        4.073246e-04
     44.2          3.521132e-04        3.620916e-04        4.073819e-04
     44.3          3.520652e-04        3.621110e-04        4.074391e-04
     44.4          3.520172e-04        3.621303e-04        4.074957e-04
     44.5          3.519693e-04        3.621498e-04        4.075522e-04
     44.6          3.519213e-04        3.621694e-04        4.076087e-04
     44.7          3.518733e-04        3.621891e-04        4.076653e-04
     44.8          3.518254e-04        3.622087e-04        4.077218e-04
     44.9          3.517774e-04        3.622283e-04        4.077783e-04
     45.0          3.517294e-04        3.622480e-04        4.078348e-04
     45.1          3.516814e-04        3.622676e-04        4.078913e-04
     45.2          3.516334e-04        3.622872e-04        4.079479e-04
     45.3          3.515854e-04        3.623069e-04        4.080044e-04
     45.4          3.515375e-04        3.623265e-04        4.080609e-04
     45.5          3.514895e-04        3.623461e-04        4.081174e-04
     45.6          3.514415e-04        3.623658e-04        4.081739e-04
     45.7          3.513935e-04        3.623854e-04        4.082304e-04
     45.8          3.513455e-04        3.624050e-04        4.082870e-04
     45.9          3.512975e-04        3.624247e-04        4.083435e-04
     46.0          3.512496e-04        3.624443e-04        4.084000e-04
     46.1          3.512016e-04        3.624640e-04        4.084565e-04
     46.2          3.511536e-04        3.624834e-04        4.085130e-04
     46.3          3.511056e-04        3.625027e-04        4.085696e-04
     46.4          3.510576e-04        3.625221e-04        4.086261e-04
     46.5          3.510097e-04        3.625415e-04        4.086826e-04
     46.6          3.509617e-04        3.625609e-04        4.087391e-04
     46.7          3.509137e-04        3.625803e-04        4.087956e-04
     46.8          3.508658e-04        3.625997e-04        4.088521e-04
     46.9          3.508178e-04        3.626191e-04        4.089087e-04
     47.0          3.507698e-04        3.626385e-04        4.089652e-04
     47.1          3.507218e-04        3.626579e-04        4.090217e-04
     47.2          3.506739e-04        3.626773e-04        4.090782e-04
     47.3          3.506259e-04        3.626967e-04        4.091347e-04
     47.4          3.505779e-04        3.627161e-04        4.091913e-04
     47.5          3.505300e-04        3.627355e-04        4.092478e-04
     47.6          3.504820e-04        3.627549e-04        4.093043e-04
     47.7          3.504340e-04        3.627743e-04        4.093608e-04
     47.8          3.503861e-04        3.627936e-04        4.094173e-04
     47.9          3.503381e-04        3.628130e-04        4.094738e-04
     48.0          3.502901e-04        3.628324e-04        4.095303e-04
     48.1          3.502421e-04        3.628518e-04        4.095868e-04
     48.2          3.501942e-04        3.628712e-04        4.096434e-04
     48.3          3.501462e-04        3.628906e-04        4.096999e-04
     48.4          3.500982e-04        3.629100e-04        4.097564e-04
     48.5          3.500503e-04        3.629294e-04        4.098129e-04
     48.6          3.500023e-04        3.629488e-04        4.098694e-04
     48.7          3.499543e-04        3.629682e-04        4.099259e-04
     48.8          3.499064e-04        3.629876e-04        4.099824e-04
     48.9          3.498584e-04        3.630069e-04        4.100389e-04
     49.0          3.498104e-04        3.630263e-04        4.100954e-04
     49.1          3.497625e-04        3.630457e-04        4.101519e-04
     49.2          3.497145e-04        3.630651e-04        4.102084e-04
     49.3          3.496665e-04        3.630845e-04        4.102650e-04
     49.4          3.496186e-04        3.631039e-04        4.103215e-04
     49.5          3.495706e-04        3.631233e-04        4.103780e-04
     49.6          3.495226e-04        3.631427e-04        4.104345e-04
     49.7          3.494747e-04        3.631621e-04        4.104910e-04
     49.8          3.494267e-04        3.631815e-04        4.105475e-04
     49.9          3.493787e-04        3.632009e-04        4.106040e-04
     50.0          3.493308e-04        3.632203e-04        4.106605e-04
