                                 g_value (photons/atom/s)
Velocity (km/s)      4031.90 A           4034.21 A           4035.63 A
    -50.0          2.709739e+00        1.934162e+00        1.144596e+00
    -49.9          2.710316e+00        1.933038e+00        1.142847e+00
    -49.8          2.711179e+00        1.931914e+00        1.141097e+00
    -49.7          2.712666e+00        1.927398e+00        1.138856e+00
    -49.6          2.714152e+00        1.922866e+00        1.136466e+00
    -49.5          2.715639e+00        1.918333e+00        1.134076e+00
    -49.4          2.717125e+00        1.913801e+00        1.131686e+00
    -49.3          2.718612e+00        1.909269e+00        1.129296e+00
    -49.2          2.720099e+00        1.904736e+00        1.126906e+00
    -49.1          2.721585e+00        1.900204e+00        1.124517e+00
    -49.0          2.722747e+00        1.893202e+00        1.122107e+00
    -48.9          2.723861e+00        1.884231e+00        1.119659e+00
    -48.8          2.724975e+00        1.875260e+00        1.117211e+00
    -48.7          2.726089e+00        1.866288e+00        1.114763e+00
    -48.6          2.727203e+00        1.857317e+00        1.112314e+00
    -48.5          2.728317e+00        1.848346e+00        1.109866e+00
    -48.4          2.729431e+00        1.839375e+00        1.107418e+00
    -48.3          2.729746e+00        1.829850e+00        1.104970e+00
    -48.2          2.728998e+00        1.816166e+00        1.102974e+00
    -48.1          2.728249e+00        1.802483e+00        1.101031e+00
    -48.0          2.727501e+00        1.788799e+00        1.099087e+00
    -47.9          2.726753e+00        1.775116e+00        1.097144e+00
    -47.8          2.726005e+00        1.761432e+00        1.095201e+00
    -47.7          2.725257e+00        1.747749e+00        1.093258e+00
    -47.6          2.724509e+00        1.734065e+00        1.091314e+00
    -47.5          2.720821e+00        1.717637e+00        1.089773e+00
    -47.4          2.717093e+00        1.699910e+00        1.088703e+00
    -47.3          2.713365e+00        1.682183e+00        1.087634e+00
    -47.2          2.709638e+00        1.664456e+00        1.086565e+00
    -47.1          2.705910e+00        1.646729e+00        1.085495e+00
    -47.0          2.702182e+00        1.629003e+00        1.084426e+00
    -46.9          2.698454e+00        1.611276e+00        1.083357e+00
    -46.8          2.692702e+00        1.593147e+00        1.082316e+00
    -46.7          2.685249e+00        1.573749e+00        1.082470e+00
    -46.6          2.677797e+00        1.554350e+00        1.082624e+00
    -46.5          2.670345e+00        1.534951e+00        1.082778e+00
    -46.4          2.662892e+00        1.515553e+00        1.082932e+00
    -46.3          2.655440e+00        1.496154e+00        1.083086e+00
    -46.2          2.647988e+00        1.476755e+00        1.083241e+00
    -46.1          2.640165e+00        1.457356e+00        1.083395e+00
    -46.0          2.629029e+00        1.439761e+00        1.084313e+00
    -45.9          2.617894e+00        1.422612e+00        1.085768e+00
    -45.8          2.606758e+00        1.405464e+00        1.087223e+00
    -45.7          2.595623e+00        1.388315e+00        1.088678e+00
    -45.6          2.584487e+00        1.371167e+00        1.090133e+00
    -45.5          2.573351e+00        1.354018e+00        1.091588e+00
    -45.4          2.562216e+00        1.336870e+00        1.093043e+00
    -45.3          2.549475e+00        1.321915e+00        1.094669e+00
    -45.2          2.535898e+00        1.310817e+00        1.097250e+00
    -45.1          2.522321e+00        1.299719e+00        1.099832e+00
    -45.0          2.508745e+00        1.288620e+00        1.102413e+00
    -44.9          2.495168e+00        1.277522e+00        1.104995e+00
    -44.8          2.481591e+00        1.266424e+00        1.107576e+00
    -44.7          2.468015e+00        1.255325e+00        1.110157e+00
    -44.6          2.454491e+00        1.244227e+00        1.112739e+00
    -44.5          2.441163e+00        1.240151e+00        1.115862e+00
    -44.4          2.427834e+00        1.236654e+00        1.119201e+00
    -44.3          2.414506e+00        1.233156e+00        1.122539e+00
    -44.2          2.401177e+00        1.229658e+00        1.125878e+00
    -44.1          2.387849e+00        1.226161e+00        1.129217e+00
    -44.0          2.374520e+00        1.222663e+00        1.132556e+00
    -43.9          2.361192e+00        1.219165e+00        1.135894e+00
    -43.8          2.351345e+00        1.218382e+00        1.139276e+00
    -43.7          2.342527e+00        1.220478e+00        1.142770e+00
    -43.6          2.333710e+00        1.222575e+00        1.146265e+00
    -43.5          2.324893e+00        1.224671e+00        1.149759e+00
    -43.4          2.316076e+00        1.226767e+00        1.153253e+00
    -43.3          2.307258e+00        1.228863e+00        1.156747e+00
    -43.2          2.298441e+00        1.230960e+00        1.160241e+00
    -43.1          2.292127e+00        1.233114e+00        1.163735e+00
    -43.0          2.290924e+00        1.236457e+00        1.167032e+00
    -42.9          2.289721e+00        1.239799e+00        1.170293e+00
    -42.8          2.288518e+00        1.243142e+00        1.173554e+00
    -42.7          2.287315e+00        1.246485e+00        1.176815e+00
    -42.6          2.286113e+00        1.249827e+00        1.180076e+00
    -42.5          2.284910e+00        1.253170e+00        1.183337e+00
    -42.4          2.283707e+00        1.256513e+00        1.186598e+00
    -42.3          2.288185e+00        1.257897e+00        1.189653e+00
    -42.2          2.293397e+00        1.258017e+00        1.192409e+00
    -42.1          2.298608e+00        1.258137e+00        1.195165e+00
    -42.0          2.303820e+00        1.258257e+00        1.197921e+00
    -41.9          2.309031e+00        1.258377e+00        1.200677e+00
    -41.8          2.314242e+00        1.258497e+00        1.203433e+00
    -41.7          2.319454e+00        1.258617e+00        1.206189e+00
    -41.6          2.325288e+00        1.257884e+00        1.208945e+00
    -41.5          2.331906e+00        1.252958e+00        1.211098e+00
    -41.4          2.338525e+00        1.248032e+00        1.213233e+00
    -41.3          2.345143e+00        1.243105e+00        1.215367e+00
    -41.2          2.351761e+00        1.238179e+00        1.217502e+00
    -41.1          2.358379e+00        1.233253e+00        1.219636e+00
    -41.0          2.364998e+00        1.228326e+00        1.221771e+00
    -40.9          2.371616e+00        1.223400e+00        1.223905e+00
    -40.8          2.373228e+00        1.216764e+00        1.225728e+00
    -40.7          2.374839e+00        1.209497e+00        1.227280e+00
    -40.6          2.376450e+00        1.202230e+00        1.228832e+00
    -40.5          2.378061e+00        1.194962e+00        1.230384e+00
    -40.4          2.379672e+00        1.187695e+00        1.231936e+00
    -40.3          2.381283e+00        1.180428e+00        1.233488e+00
    -40.2          2.382894e+00        1.173161e+00        1.235040e+00
    -40.1          2.379090e+00        1.166825e+00        1.236548e+00
    -40.0          2.370976e+00        1.162750e+00        1.237654e+00
    -39.9          2.362863e+00        1.158675e+00        1.238759e+00
    -39.8          2.354749e+00        1.154600e+00        1.239864e+00
    -39.7          2.346636e+00        1.150525e+00        1.240970e+00
    -39.6          2.338522e+00        1.146450e+00        1.242075e+00
    -39.5          2.330409e+00        1.142375e+00        1.243180e+00
    -39.4          2.320999e+00        1.138300e+00        1.244286e+00
    -39.3          2.301506e+00        1.141226e+00        1.245082e+00
    -39.2          2.282013e+00        1.145358e+00        1.245722e+00
    -39.1          2.262520e+00        1.149491e+00        1.246361e+00
    -39.0          2.243027e+00        1.153624e+00        1.247000e+00
    -38.9          2.223534e+00        1.157757e+00        1.247640e+00
    -38.8          2.204041e+00        1.161890e+00        1.248279e+00
    -38.7          2.184547e+00        1.166023e+00        1.248919e+00
    -38.6          2.158835e+00        1.173946e+00        1.249474e+00
    -38.5          2.130074e+00        1.187229e+00        1.249745e+00
    -38.4          2.101312e+00        1.200513e+00        1.250015e+00
    -38.3          2.072550e+00        1.213796e+00        1.250285e+00
    -38.2          2.043788e+00        1.227080e+00        1.250556e+00
    -38.1          2.015026e+00        1.240363e+00        1.250826e+00
    -38.0          1.986265e+00        1.253647e+00        1.251096e+00
    -37.9          1.956880e+00        1.266930e+00        1.251367e+00
    -37.8          1.925388e+00        1.286173e+00        1.251392e+00
    -37.7          1.893896e+00        1.305566e+00        1.251351e+00
    -37.6          1.862403e+00        1.324960e+00        1.251311e+00
    -37.5          1.830911e+00        1.344353e+00        1.251271e+00
    -37.4          1.799419e+00        1.363746e+00        1.251230e+00
    -37.3          1.767926e+00        1.383139e+00        1.251190e+00
    -37.2          1.736434e+00        1.402532e+00        1.251150e+00
    -37.1          1.710399e+00        1.422513e+00        1.250996e+00
    -37.0          1.685859e+00        1.443000e+00        1.250637e+00
    -36.9          1.661319e+00        1.463488e+00        1.250277e+00
    -36.8          1.636779e+00        1.483975e+00        1.249917e+00
    -36.7          1.612239e+00        1.504462e+00        1.249558e+00
    -36.6          1.587698e+00        1.524950e+00        1.249198e+00
    -36.5          1.563158e+00        1.545437e+00        1.248838e+00
    -36.4          1.544181e+00        1.565629e+00        1.248452e+00
    -36.3          1.535903e+00        1.583107e+00        1.247829e+00
    -36.2          1.527626e+00        1.600584e+00        1.247206e+00
    -36.1          1.519348e+00        1.618062e+00        1.246584e+00
    -36.0          1.511070e+00        1.635539e+00        1.245961e+00
    -35.9          1.502792e+00        1.653016e+00        1.245338e+00
    -35.8          1.494515e+00        1.670494e+00        1.244715e+00
    -35.7          1.486237e+00        1.687971e+00        1.244092e+00
    -35.6          1.495468e+00        1.702362e+00        1.243263e+00
    -35.5          1.506663e+00        1.715158e+00        1.242330e+00
    -35.4          1.517858e+00        1.727954e+00        1.241396e+00
    -35.3          1.529054e+00        1.740749e+00        1.240463e+00
    -35.2          1.540249e+00        1.753545e+00        1.239529e+00
    -35.1          1.551444e+00        1.766341e+00        1.238596e+00
    -35.0          1.562640e+00        1.779137e+00        1.237663e+00
    -34.9          1.583186e+00        1.790974e+00        1.236632e+00
    -34.8          1.609046e+00        1.799422e+00        1.235271e+00
    -34.7          1.634905e+00        1.807871e+00        1.233911e+00
    -34.6          1.660765e+00        1.816319e+00        1.232550e+00
    -34.5          1.686624e+00        1.824768e+00        1.231190e+00
    -34.4          1.712484e+00        1.833216e+00        1.229829e+00
    -34.3          1.738344e+00        1.841665e+00        1.228469e+00
    -34.2          1.765524e+00        1.850113e+00        1.227108e+00
    -34.1          1.798170e+00        1.856304e+00        1.225287e+00
    -34.0          1.830815e+00        1.861865e+00        1.223344e+00
    -33.9          1.863460e+00        1.867426e+00        1.221400e+00
    -33.8          1.896105e+00        1.872986e+00        1.219457e+00
    -33.7          1.928751e+00        1.878547e+00        1.217514e+00
    -33.6          1.961396e+00        1.884108e+00        1.215571e+00
    -33.5          1.994041e+00        1.889669e+00        1.213628e+00
    -33.4          2.024975e+00        1.894708e+00        1.211464e+00
    -33.3          2.055344e+00        1.898748e+00        1.208900e+00
    -33.2          2.085712e+00        1.902789e+00        1.206335e+00
    -33.1          2.116081e+00        1.906830e+00        1.203771e+00
    -33.0          2.146449e+00        1.910870e+00        1.201207e+00
    -32.9          2.176818e+00        1.914911e+00        1.198642e+00
    -32.8          2.207187e+00        1.918952e+00        1.196078e+00
    -32.7          2.235128e+00        1.922992e+00        1.193513e+00
    -32.6          2.257634e+00        1.926291e+00        1.190414e+00
    -32.5          2.280141e+00        1.929511e+00        1.187267e+00
    -32.4          2.302648e+00        1.932730e+00        1.184120e+00
    -32.3          2.325155e+00        1.935950e+00        1.180974e+00
    -32.2          2.347661e+00        1.939170e+00        1.177827e+00
    -32.1          2.370168e+00        1.942390e+00        1.174680e+00
    -32.0          2.392675e+00        1.945610e+00        1.171533e+00
    -31.9          2.406833e+00        1.948504e+00        1.168255e+00
    -31.8          2.419699e+00        1.951025e+00        1.164837e+00
    -31.7          2.432564e+00        1.953547e+00        1.161418e+00
    -31.6          2.445429e+00        1.956068e+00        1.157999e+00
    -31.5          2.458294e+00        1.958589e+00        1.154581e+00
    -31.4          2.471159e+00        1.961111e+00        1.151162e+00
    -31.3          2.484025e+00        1.963632e+00        1.147743e+00
    -31.2          2.493163e+00        1.965957e+00        1.144328e+00
    -31.1          2.497215e+00        1.967535e+00        1.140988e+00
    -31.0          2.501267e+00        1.969114e+00        1.137647e+00
    -30.9          2.505319e+00        1.970692e+00        1.134306e+00
    -30.8          2.509371e+00        1.972270e+00        1.130965e+00
    -30.7          2.513422e+00        1.973849e+00        1.127624e+00
    -30.6          2.517474e+00        1.975427e+00        1.124283e+00
    -30.5          2.521526e+00        1.977005e+00        1.120942e+00
    -30.4          2.518726e+00        1.977905e+00        1.117957e+00
    -30.3          2.515786e+00        1.978602e+00        1.115199e+00
    -30.2          2.512845e+00        1.979299e+00        1.112441e+00
    -30.1          2.509904e+00        1.979995e+00        1.109683e+00
    -30.0          2.506964e+00        1.980692e+00        1.106924e+00
    -29.9          2.504023e+00        1.981389e+00        1.104166e+00
    -29.8          2.501083e+00        1.982086e+00        1.101408e+00
    -29.7          2.495409e+00        1.982571e+00        1.098796e+00
    -29.6          2.487379e+00        1.982630e+00        1.096872e+00
    -29.5          2.479350e+00        1.982688e+00        1.094949e+00
    -29.4          2.471320e+00        1.982747e+00        1.093025e+00
    -29.3          2.463290e+00        1.982805e+00        1.091102e+00
    -29.2          2.455260e+00        1.982864e+00        1.089178e+00
    -29.1          2.447230e+00        1.982923e+00        1.087255e+00
    -29.0          2.438920e+00        1.982981e+00        1.085332e+00
    -28.9          2.427911e+00        1.982714e+00        1.084039e+00
    -28.8          2.416902e+00        1.982408e+00        1.082970e+00
    -28.7          2.405893e+00        1.982101e+00        1.081901e+00
    -28.6          2.394885e+00        1.981795e+00        1.080832e+00
    -28.5          2.383876e+00        1.981489e+00        1.079763e+00
    -28.4          2.372867e+00        1.981182e+00        1.078694e+00
    -28.3          2.361858e+00        1.980876e+00        1.077625e+00
    -28.2          2.350688e+00        1.980487e+00        1.076814e+00
    -28.1          2.339431e+00        1.979998e+00        1.076599e+00
    -28.0          2.328174e+00        1.979510e+00        1.076385e+00
    -27.9          2.316917e+00        1.979021e+00        1.076170e+00
    -27.8          2.305660e+00        1.978532e+00        1.075955e+00
    -27.7          2.294404e+00        1.978044e+00        1.075740e+00
    -27.6          2.283147e+00        1.977555e+00        1.075525e+00
    -27.5          2.272406e+00        1.977066e+00        1.075311e+00
    -27.4          2.263632e+00        1.976547e+00        1.075920e+00
    -27.3          2.254858e+00        1.976028e+00        1.076657e+00
    -27.2          2.246084e+00        1.975509e+00        1.077393e+00
    -27.1          2.237310e+00        1.974990e+00        1.078130e+00
    -27.0          2.228536e+00        1.974471e+00        1.078866e+00
    -26.9          2.219761e+00        1.973952e+00        1.079602e+00
    -26.8          2.210987e+00        1.973433e+00        1.080339e+00
    -26.7          2.205379e+00        1.972914e+00        1.080983e+00
    -26.6          2.200742e+00        1.972395e+00        1.081506e+00
    -26.5          2.196105e+00        1.971875e+00        1.082029e+00
    -26.4          2.191469e+00        1.971356e+00        1.082552e+00
    -26.3          2.186832e+00        1.970837e+00        1.083075e+00
    -26.2          2.182196e+00        1.970318e+00        1.083598e+00
    -26.1          2.177559e+00        1.969799e+00        1.084121e+00
    -26.0          2.174469e+00        1.969242e+00        1.084644e+00
    -25.9          2.174632e+00        1.968450e+00        1.085785e+00
    -25.8          2.174795e+00        1.967657e+00        1.086929e+00
    -25.7          2.174958e+00        1.966864e+00        1.088074e+00
    -25.6          2.175121e+00        1.966072e+00        1.089218e+00
    -25.5          2.175284e+00        1.965279e+00        1.090362e+00
    -25.4          2.175447e+00        1.964487e+00        1.091506e+00
    -25.3          2.175610e+00        1.963694e+00        1.092650e+00
    -25.2          2.179556e+00        1.962668e+00        1.094109e+00
    -25.1          2.184021e+00        1.961541e+00        1.095816e+00
    -25.0          2.188487e+00        1.960414e+00        1.097523e+00
    -24.9          2.192953e+00        1.959287e+00        1.099230e+00
    -24.8          2.197418e+00        1.958161e+00        1.100937e+00
    -24.7          2.201884e+00        1.957034e+00        1.102645e+00
    -24.6          2.206350e+00        1.955907e+00        1.104352e+00
    -24.5          2.212025e+00        1.954701e+00        1.106090e+00
    -24.4          2.219262e+00        1.953270e+00        1.108049e+00
    -24.3          2.226500e+00        1.951839e+00        1.110009e+00
    -24.2          2.233738e+00        1.950408e+00        1.111968e+00
    -24.1          2.240975e+00        1.948977e+00        1.113928e+00
    -24.0          2.248213e+00        1.947546e+00        1.115887e+00
    -23.9          2.255451e+00        1.946115e+00        1.117847e+00
    -23.8          2.262688e+00        1.944685e+00        1.119806e+00
    -23.7          2.270830e+00        1.942979e+00        1.121593e+00
    -23.6          2.278977e+00        1.941214e+00        1.123300e+00
    -23.5          2.287125e+00        1.939449e+00        1.125007e+00
    -23.4          2.295273e+00        1.937684e+00        1.126714e+00
    -23.3          2.303420e+00        1.935919e+00        1.128421e+00
    -23.2          2.311568e+00        1.934154e+00        1.130128e+00
    -23.1          2.319716e+00        1.932389e+00        1.131836e+00
    -23.0          2.327590e+00        1.930496e+00        1.133383e+00
    -22.9          2.335241e+00        1.928396e+00        1.134449e+00
    -22.8          2.342893e+00        1.926297e+00        1.135515e+00
    -22.7          2.350544e+00        1.924197e+00        1.136582e+00
    -22.6          2.358195e+00        1.922098e+00        1.137648e+00
    -22.5          2.365846e+00        1.919998e+00        1.138714e+00
    -22.4          2.373497e+00        1.917899e+00        1.139781e+00
    -22.3          2.380971e+00        1.915799e+00        1.140847e+00
    -22.2          2.386967e+00        1.913413e+00        1.141218e+00
    -22.1          2.392963e+00        1.911009e+00        1.141430e+00
    -22.0          2.398959e+00        1.908606e+00        1.141643e+00
    -21.9          2.404955e+00        1.906203e+00        1.141855e+00
    -21.8          2.410951e+00        1.903799e+00        1.142067e+00
    -21.7          2.416948e+00        1.901396e+00        1.142279e+00
    -21.6          2.422944e+00        1.898992e+00        1.142492e+00
    -21.5          2.427428e+00        1.896343e+00        1.142366e+00
    -21.4          2.431148e+00        1.893454e+00        1.141685e+00
    -21.3          2.434869e+00        1.890564e+00        1.141005e+00
    -21.2          2.438589e+00        1.887675e+00        1.140324e+00
    -21.1          2.442310e+00        1.884785e+00        1.139643e+00
    -21.0          2.446030e+00        1.881896e+00        1.138963e+00
    -20.9          2.449750e+00        1.879006e+00        1.138282e+00
    -20.8          2.452931e+00        1.876058e+00        1.137601e+00
    -20.7          2.454210e+00        1.872287e+00        1.136225e+00
    -20.6          2.455490e+00        1.868516e+00        1.134807e+00
    -20.5          2.456770e+00        1.864745e+00        1.133388e+00
    -20.4          2.458049e+00        1.860974e+00        1.131970e+00
    -20.3          2.459329e+00        1.857203e+00        1.130551e+00
    -20.2          2.460609e+00        1.853432e+00        1.129133e+00
    -20.1          2.461889e+00        1.849661e+00        1.127714e+00
    -20.0          2.461429e+00        1.844974e+00        1.126148e+00
    -19.9          2.460474e+00        1.839744e+00        1.124439e+00
    -19.8          2.459520e+00        1.834515e+00        1.122729e+00
    -19.7          2.458565e+00        1.829285e+00        1.121019e+00
    -19.6          2.457611e+00        1.824055e+00        1.119310e+00
    -19.5          2.456656e+00        1.818825e+00        1.117600e+00
    -19.4          2.455702e+00        1.813595e+00        1.115890e+00
    -19.3          2.454081e+00        1.808015e+00        1.114189e+00
    -19.2          2.451141e+00        1.800932e+00        1.112596e+00
    -19.1          2.448201e+00        1.793848e+00        1.111002e+00
    -19.0          2.445260e+00        1.786765e+00        1.109409e+00
    -18.9          2.442320e+00        1.779681e+00        1.107816e+00
    -18.8          2.439380e+00        1.772597e+00        1.106223e+00
    -18.7          2.436440e+00        1.765514e+00        1.104629e+00
    -18.6          2.433499e+00        1.758430e+00        1.103036e+00
    -18.5          2.428787e+00        1.749773e+00        1.101695e+00
    -18.4          2.423861e+00        1.740593e+00        1.100500e+00
    -18.3          2.418935e+00        1.731412e+00        1.099305e+00
    -18.2          2.414009e+00        1.722232e+00        1.098110e+00
    -18.1          2.409083e+00        1.713051e+00        1.096914e+00
    -18.0          2.404157e+00        1.703870e+00        1.095719e+00
    -17.9          2.399231e+00        1.694690e+00        1.094524e+00
    -17.8          2.393412e+00        1.685026e+00        1.093597e+00
    -17.7          2.386501e+00        1.674296e+00        1.093111e+00
    -17.6          2.379589e+00        1.663566e+00        1.092624e+00
    -17.5          2.372677e+00        1.652835e+00        1.092138e+00
    -17.4          2.365766e+00        1.642105e+00        1.091651e+00
    -17.3          2.358854e+00        1.631374e+00        1.091165e+00
    -17.2          2.351942e+00        1.620644e+00        1.090678e+00
    -17.1          2.345014e+00        1.609914e+00        1.090191e+00
    -17.0          2.335513e+00        1.598945e+00        1.090455e+00
    -16.9          2.326011e+00        1.587941e+00        1.090765e+00
    -16.8          2.316510e+00        1.576937e+00        1.091074e+00
    -16.7          2.307009e+00        1.565933e+00        1.091383e+00
    -16.6          2.297508e+00        1.554930e+00        1.091693e+00
    -16.5          2.288006e+00        1.543926e+00        1.092002e+00
    -16.4          2.278505e+00        1.532922e+00        1.092311e+00
    -16.3          2.267080e+00        1.522460e+00        1.092926e+00
    -16.2          2.254998e+00        1.512702e+00        1.093837e+00
    -16.1          2.242915e+00        1.502944e+00        1.094748e+00
    -16.0          2.230833e+00        1.493187e+00        1.095659e+00
    -15.9          2.218751e+00        1.483429e+00        1.096570e+00
    -15.8          2.206668e+00        1.473672e+00        1.097481e+00
    -15.7          2.194586e+00        1.463914e+00        1.098392e+00
    -15.6          2.181391e+00        1.454157e+00        1.099309e+00
    -15.5          2.165626e+00        1.446184e+00        1.100297e+00
    -15.4          2.149862e+00        1.438220e+00        1.101286e+00
    -15.3          2.134098e+00        1.430256e+00        1.102275e+00
    -15.2          2.118334e+00        1.422291e+00        1.103263e+00
    -15.1          2.102569e+00        1.414327e+00        1.104252e+00
    -15.0          2.086805e+00        1.406363e+00        1.105241e+00
    -14.9          2.071041e+00        1.398398e+00        1.106229e+00
    -14.8          2.051296e+00        1.390688e+00        1.106923e+00
    -14.7          2.030899e+00        1.383180e+00        1.107445e+00
    -14.6          2.010502e+00        1.375672e+00        1.107968e+00
    -14.5          1.990105e+00        1.368163e+00        1.108491e+00
    -14.4          1.969708e+00        1.360655e+00        1.109014e+00
    -14.3          1.949311e+00        1.353147e+00        1.109537e+00
    -14.2          1.928914e+00        1.345639e+00        1.110060e+00
    -14.1          1.906278e+00        1.337891e+00        1.110398e+00
    -14.0          1.880504e+00        1.328346e+00        1.109989e+00
    -13.9          1.854729e+00        1.318802e+00        1.109580e+00
    -13.8          1.828954e+00        1.309258e+00        1.109171e+00
    -13.7          1.803180e+00        1.299714e+00        1.108762e+00
    -13.6          1.777405e+00        1.290169e+00        1.108353e+00
    -13.5          1.751630e+00        1.280625e+00        1.107944e+00
    -13.4          1.725856e+00        1.271081e+00        1.107535e+00
    -13.3          1.695129e+00        1.258307e+00        1.106238e+00
    -13.2          1.664267e+00        1.244007e+00        1.104664e+00
    -13.1          1.633405e+00        1.229708e+00        1.103091e+00
    -13.0          1.602542e+00        1.215408e+00        1.101517e+00
    -12.9          1.571680e+00        1.201109e+00        1.099943e+00
    -12.8          1.540817e+00        1.186809e+00        1.098370e+00
    -12.7          1.509955e+00        1.172510e+00        1.096796e+00
    -12.6          1.477930e+00        1.156421e+00        1.094836e+00
    -12.5          1.444876e+00        1.137882e+00        1.092078e+00
    -12.4          1.411822e+00        1.119342e+00        1.089321e+00
    -12.3          1.378767e+00        1.100803e+00        1.086563e+00
    -12.2          1.345713e+00        1.082263e+00        1.083805e+00
    -12.1          1.312659e+00        1.063724e+00        1.081047e+00
    -12.0          1.279605e+00        1.045185e+00        1.078290e+00
    -11.9          1.246814e+00        1.026645e+00        1.075532e+00
    -11.8          1.216780e+00        1.006104e+00        1.071668e+00
    -11.7          1.186747e+00        9.855287e-01        1.067668e+00
    -11.6          1.156713e+00        9.649535e-01        1.063668e+00
    -11.5          1.126679e+00        9.443782e-01        1.059668e+00
    -11.4          1.096645e+00        9.238029e-01        1.055668e+00
    -11.3          1.066611e+00        9.032277e-01        1.051668e+00
    -11.2          1.036577e+00        8.826524e-01        1.047669e+00
    -11.1          1.011875e+00        8.633846e-01        1.043096e+00
    -11.0          9.901153e-01        8.452105e-01        1.037834e+00
    -10.9          9.683552e-01        8.270364e-01        1.032572e+00
    -10.8          9.465951e-01        8.088624e-01        1.027311e+00
    -10.7          9.248350e-01        7.906883e-01        1.022049e+00
    -10.6          9.030749e-01        7.725142e-01        1.016787e+00
    -10.5          8.813148e-01        7.543401e-01        1.011526e+00
    -10.4          8.618300e-01        7.368218e-01        1.006238e+00
    -10.3          8.513633e-01        7.248475e-01        9.995598e-01
    -10.2          8.408967e-01        7.128731e-01        9.928812e-01
    -10.1          8.304300e-01        7.008988e-01        9.862026e-01
    -10.0          8.199633e-01        6.889244e-01        9.795240e-01
     -9.9          8.094966e-01        6.769501e-01        9.728454e-01
     -9.8          7.990299e-01        6.649758e-01        9.661668e-01
     -9.7          7.885632e-01        6.530014e-01        9.594882e-01
     -9.6          7.848112e-01        6.453856e-01        9.518721e-01
     -9.5          7.831970e-01        6.399451e-01        9.435826e-01
     -9.4          7.815828e-01        6.345047e-01        9.352931e-01
     -9.3          7.799686e-01        6.290643e-01        9.270036e-01
     -9.2          7.783544e-01        6.236239e-01        9.187142e-01
     -9.1          7.767402e-01        6.181834e-01        9.104247e-01
     -9.0          7.751260e-01        6.127430e-01        9.021352e-01
     -8.9          7.746343e-01        6.081006e-01        8.935851e-01
     -8.8          7.765775e-01        6.061550e-01        8.835099e-01
     -8.7          7.785208e-01        6.042094e-01        8.734347e-01
     -8.6          7.804641e-01        6.022637e-01        8.633594e-01
     -8.5          7.824074e-01        6.003181e-01        8.532842e-01
     -8.4          7.843506e-01        5.983725e-01        8.432090e-01
     -8.3          7.862939e-01        5.964269e-01        8.331338e-01
     -8.2          7.882372e-01        5.944813e-01        8.230585e-01
     -8.1          7.885562e-01        5.918398e-01        8.118536e-01
     -8.0          7.886379e-01        5.890130e-01        8.001869e-01
     -7.9          7.887197e-01        5.861861e-01        7.885203e-01
     -7.8          7.888014e-01        5.833593e-01        7.768536e-01
     -7.7          7.888832e-01        5.805324e-01        7.651869e-01
     -7.6          7.889650e-01        5.777055e-01        7.535202e-01
     -7.5          7.890467e-01        5.748787e-01        7.418536e-01
     -7.4          7.866228e-01        5.705057e-01        7.297618e-01
     -7.3          7.808722e-01        5.632726e-01        7.165426e-01
     -7.2          7.751216e-01        5.560395e-01        7.033233e-01
     -7.1          7.693710e-01        5.488064e-01        6.901040e-01
     -7.0          7.636204e-01        5.415733e-01        6.768847e-01
     -6.9          7.578698e-01        5.343402e-01        6.636654e-01
     -6.8          7.521192e-01        5.271071e-01        6.504461e-01
     -6.7          7.463686e-01        5.198740e-01        6.372268e-01
     -6.6          7.335574e-01        5.080118e-01        6.231623e-01
     -6.5          7.206508e-01        4.957040e-01        6.089340e-01
     -6.4          7.077442e-01        4.833962e-01        5.947056e-01
     -6.3          6.948376e-01        4.710884e-01        5.804773e-01
     -6.2          6.819310e-01        4.587806e-01        5.662490e-01
     -6.1          6.690244e-01        4.464727e-01        5.520206e-01
     -6.0          6.561178e-01        4.341649e-01        5.377923e-01
     -5.9          6.404002e-01        4.207206e-01        5.233536e-01
     -5.8          6.223233e-01        4.060124e-01        5.086014e-01
     -5.7          6.042465e-01        3.913041e-01        4.938491e-01
     -5.6          5.861696e-01        3.765959e-01        4.790969e-01
     -5.5          5.680928e-01        3.618877e-01        4.643447e-01
     -5.4          5.500159e-01        3.471794e-01        4.495925e-01
     -5.3          5.319391e-01        3.324712e-01        4.348403e-01
     -5.2          5.137664e-01        3.178200e-01        4.200880e-01
     -5.1          4.947385e-01        3.047529e-01        4.055048e-01
     -5.0          4.757107e-01        2.916859e-01        3.909275e-01
     -4.9          4.566828e-01        2.786188e-01        3.763502e-01
     -4.8          4.376550e-01        2.655518e-01        3.617730e-01
     -4.7          4.186271e-01        2.524847e-01        3.471957e-01
     -4.6          3.995992e-01        2.394177e-01        3.326185e-01
     -4.5          3.805714e-01        2.263506e-01        3.180412e-01
     -4.4          3.638564e-01        2.156925e-01        3.043479e-01
     -4.3          3.483447e-01        2.066673e-01        2.914401e-01
     -4.2          3.328330e-01        1.976420e-01        2.785323e-01
     -4.1          3.173214e-01        1.886167e-01        2.656246e-01
     -4.0          3.018097e-01        1.795914e-01        2.527168e-01
     -3.9          2.862980e-01        1.705661e-01        2.398090e-01
     -3.8          2.707863e-01        1.615408e-01        2.269013e-01
     -3.7          2.563942e-01        1.531608e-01        2.142943e-01
     -3.6          2.460946e-01        1.482380e-01        2.046087e-01
     -3.5          2.357949e-01        1.433151e-01        1.949232e-01
     -3.4          2.254952e-01        1.383922e-01        1.852376e-01
     -3.3          2.151956e-01        1.334693e-01        1.755520e-01
     -3.2          2.048959e-01        1.285464e-01        1.658664e-01
     -3.1          1.945962e-01        1.236235e-01        1.561808e-01
     -3.0          1.842965e-01        1.187006e-01        1.464953e-01
     -2.9          1.775407e-01        1.156120e-01        1.392209e-01
     -2.8          1.718325e-01        1.132417e-01        1.332039e-01
     -2.7          1.661242e-01        1.108714e-01        1.271868e-01
     -2.6          1.604160e-01        1.085010e-01        1.211698e-01
     -2.5          1.547078e-01        1.061307e-01        1.151527e-01
     -2.4          1.489995e-01        1.037604e-01        1.091357e-01
     -2.3          1.432913e-01        1.013901e-01        1.031186e-01
     -2.2          1.385217e-01        9.941952e-02        9.773696e-02
     -2.1          1.356675e-01        9.847742e-02        9.459256e-02
     -2.0          1.328134e-01        9.753531e-02        9.144817e-02
     -1.9          1.299592e-01        9.659321e-02        8.830377e-02
     -1.8          1.271051e-01        9.565110e-02        8.515938e-02
     -1.7          1.242509e-01        9.470900e-02        8.201499e-02
     -1.6          1.213968e-01        9.376689e-02        7.887059e-02
     -1.5          1.185426e-01        9.282479e-02        7.572620e-02
     -1.4          1.170077e-01        9.257281e-02        7.393804e-02
     -1.3          1.156426e-01        9.245115e-02        7.252110e-02
     -1.2          1.142775e-01        9.232950e-02        7.110416e-02
     -1.1          1.129124e-01        9.220784e-02        6.968722e-02
     -1.0          1.115474e-01        9.208619e-02        6.827028e-02
     -0.9          1.101823e-01        9.196454e-02        6.685334e-02
     -0.8          1.088172e-01        9.184288e-02        6.543640e-02
     -0.7          1.078186e-01        9.206362e-02        6.439205e-02
     -0.6          1.072807e-01        9.279277e-02        6.404261e-02
     -0.5          1.067429e-01        9.352192e-02        6.369317e-02
     -0.4          1.062051e-01        9.425107e-02        6.334373e-02
     -0.3          1.056673e-01        9.498022e-02        6.299429e-02
     -0.2          1.051294e-01        9.570938e-02        6.264485e-02
     -0.1          1.045916e-01        9.643853e-02        6.229541e-02
      0.0          1.040538e-01        9.716768e-02        6.194598e-02
      0.1          1.044673e-01        9.912672e-02        6.235138e-02
      0.2          1.048807e-01        1.011321e-01        6.282876e-02
      0.3          1.052942e-01        1.031374e-01        6.330614e-02
      0.4          1.057077e-01        1.051428e-01        6.378352e-02
      0.5          1.061212e-01        1.071481e-01        6.426090e-02
      0.6          1.065347e-01        1.091535e-01        6.473829e-02
      0.7          1.069482e-01        1.111588e-01        6.521567e-02
      0.8          1.079607e-01        1.141692e-01        6.634969e-02
      0.9          1.094495e-01        1.180887e-01        6.782465e-02
      1.0          1.109384e-01        1.220083e-01        6.929962e-02
      1.1          1.124272e-01        1.259279e-01        7.077458e-02
      1.2          1.139161e-01        1.298475e-01        7.224955e-02
      1.3          1.154050e-01        1.337671e-01        7.372451e-02
      1.4          1.168938e-01        1.376867e-01        7.519948e-02
      1.5          1.185852e-01        1.418107e-01        7.701505e-02
      1.6          1.218494e-01        1.481003e-01        8.002324e-02
      1.7          1.251136e-01        1.543899e-01        8.303144e-02
      1.8          1.283778e-01        1.606795e-01        8.603964e-02
      1.9          1.316421e-01        1.669691e-01        8.904784e-02
      2.0          1.349063e-01        1.732587e-01        9.205603e-02
      2.1          1.381705e-01        1.795482e-01        9.506423e-02
      2.2          1.414347e-01        1.858378e-01        9.807243e-02
      2.3          1.472407e-01        1.936030e-01        1.027282e-01
      2.4          1.534859e-01        2.021713e-01        1.078324e-01
      2.5          1.597310e-01        2.107397e-01        1.129367e-01
      2.6          1.659762e-01        2.193080e-01        1.180409e-01
      2.7          1.722214e-01        2.278763e-01        1.231451e-01
      2.8          1.784666e-01        2.364446e-01        1.282493e-01
      2.9          1.847118e-01        2.450129e-01        1.333535e-01
      3.0          1.926514e-01        2.538985e-01        1.392049e-01
      3.1          2.030324e-01        2.639859e-01        1.464439e-01
      3.2          2.134134e-01        2.740733e-01        1.536829e-01
      3.3          2.237944e-01        2.841608e-01        1.609219e-01
      3.4          2.341755e-01        2.942482e-01        1.681609e-01
      3.5          2.445565e-01        3.043356e-01        1.753999e-01
      3.6          2.549375e-01        3.144230e-01        1.826389e-01
      3.7          2.653185e-01        3.245104e-01        1.898779e-01
      3.8          2.802175e-01        3.350891e-01        1.983761e-01
      3.9          2.952719e-01        3.458144e-01        2.069929e-01
      4.0          3.103263e-01        3.565397e-01        2.156098e-01
      4.1          3.253808e-01        3.672650e-01        2.242266e-01
      4.2          3.404352e-01        3.779903e-01        2.328434e-01
      4.3          3.554896e-01        3.887157e-01        2.414602e-01
      4.4          3.705441e-01        3.994410e-01        2.500770e-01
      4.5          3.876563e-01        4.102870e-01        2.587865e-01
      4.6          4.066395e-01        4.213768e-01        2.675973e-01
      4.7          4.256228e-01        4.324665e-01        2.764080e-01
      4.8          4.446060e-01        4.435563e-01        2.852188e-01
      4.9          4.635892e-01        4.546460e-01        2.940296e-01
      5.0          4.825725e-01        4.657357e-01        3.028403e-01
      5.1          5.015557e-01        4.768255e-01        3.116511e-01
      5.2          5.207060e-01        4.879152e-01        3.204295e-01
      5.3          5.417569e-01        5.000585e-01        3.284638e-01
      5.4          5.628077e-01        5.123285e-01        3.364981e-01
      5.5          5.838586e-01        5.245984e-01        3.445324e-01
      5.6          6.049094e-01        5.368684e-01        3.525667e-01
      5.7          6.259603e-01        5.491383e-01        3.606010e-01
      5.8          6.470112e-01        5.614082e-01        3.686353e-01
      5.9          6.680620e-01        5.736782e-01        3.766695e-01
      6.0          6.893500e-01        5.867811e-01        3.842101e-01
      6.1          7.107727e-01        6.003618e-01        3.914292e-01
      6.2          7.321954e-01        6.139426e-01        3.986482e-01
      6.3          7.536181e-01        6.275234e-01        4.058673e-01
      6.4          7.750407e-01        6.411042e-01        4.130864e-01
      6.5          7.964634e-01        6.546850e-01        4.203055e-01
      6.6          8.178861e-01        6.682658e-01        4.275245e-01
      6.7          8.391959e-01        6.821394e-01        4.347107e-01
      6.8          8.600392e-01        6.972087e-01        4.417355e-01
      6.9          8.808825e-01        7.122780e-01        4.487604e-01
      7.0          9.017257e-01        7.273474e-01        4.557852e-01
      7.1          9.225690e-01        7.424167e-01        4.628100e-01
      7.2          9.434123e-01        7.574860e-01        4.698349e-01
      7.3          9.642556e-01        7.725554e-01        4.768597e-01
      7.4          9.850989e-01        7.876247e-01        4.838846e-01
      7.5          1.005196e+00        8.032926e-01        4.914076e-01
      7.6          1.025046e+00        8.191516e-01        4.991116e-01
      7.7          1.044896e+00        8.350107e-01        5.068156e-01
      7.8          1.064747e+00        8.508697e-01        5.145196e-01
      7.9          1.084597e+00        8.667287e-01        5.222236e-01
      8.0          1.104447e+00        8.825878e-01        5.299276e-01
      8.1          1.124298e+00        8.984468e-01        5.376316e-01
      8.2          1.143662e+00        9.142087e-01        5.457396e-01
      8.3          1.161941e+00        9.297637e-01        5.548019e-01
      8.4          1.180219e+00        9.453186e-01        5.638642e-01
      8.5          1.198498e+00        9.608735e-01        5.729265e-01
      8.6          1.216776e+00        9.764284e-01        5.819888e-01
      8.7          1.235055e+00        9.919834e-01        5.910512e-01
      8.8          1.253333e+00        1.007538e+00        6.001135e-01
      8.9          1.271611e+00        1.023093e+00        6.091758e-01
      9.0          1.288027e+00        1.038193e+00        6.194916e-01
      9.1          1.304155e+00        1.053231e+00        6.300093e-01
      9.2          1.320282e+00        1.068269e+00        6.405269e-01
      9.3          1.336410e+00        1.083308e+00        6.510446e-01
      9.4          1.352537e+00        1.098346e+00        6.615623e-01
      9.5          1.368665e+00        1.113384e+00        6.720799e-01
      9.6          1.384793e+00        1.128422e+00        6.825976e-01
      9.7          1.399783e+00        1.143313e+00        6.934287e-01
      9.8          1.413222e+00        1.158016e+00        7.046837e-01
      9.9          1.426661e+00        1.172720e+00        7.159386e-01
     10.0          1.440100e+00        1.187424e+00        7.271935e-01
     10.1          1.453539e+00        1.202127e+00        7.384484e-01
     10.2          1.466978e+00        1.216831e+00        7.497034e-01
     10.3          1.480417e+00        1.231535e+00        7.609583e-01
     10.4          1.493856e+00        1.246237e+00        7.722132e-01
     10.5          1.504052e+00        1.260484e+00        7.832184e-01
     10.6          1.514183e+00        1.274732e+00        7.942208e-01
     10.7          1.524313e+00        1.288980e+00        8.052231e-01
     10.8          1.534444e+00        1.303227e+00        8.162255e-01
     10.9          1.544575e+00        1.317475e+00        8.272279e-01
     11.0          1.554705e+00        1.331723e+00        8.382303e-01
     11.1          1.564836e+00        1.345970e+00        8.492327e-01
     11.2          1.572945e+00        1.359601e+00        8.594623e-01
     11.3          1.579311e+00        1.372755e+00        8.690673e-01
     11.4          1.585678e+00        1.385908e+00        8.786724e-01
     11.5          1.592045e+00        1.399062e+00        8.882774e-01
     11.6          1.598412e+00        1.412216e+00        8.978825e-01
     11.7          1.604779e+00        1.425370e+00        9.074875e-01
     11.8          1.611145e+00        1.438523e+00        9.170926e-01
     11.9          1.617103e+00        1.451456e+00        9.264297e-01
     12.0          1.619128e+00        1.462847e+00        9.337446e-01
     12.1          1.621153e+00        1.474238e+00        9.410596e-01
     12.2          1.623177e+00        1.485630e+00        9.483745e-01
     12.3          1.625202e+00        1.497021e+00        9.556894e-01
     12.4          1.627226e+00        1.508412e+00        9.630043e-01
     12.5          1.629251e+00        1.519804e+00        9.703192e-01
     12.6          1.631275e+00        1.531195e+00        9.776342e-01
     12.7          1.630014e+00        1.541104e+00        9.829406e-01
     12.8          1.626993e+00        1.550338e+00        9.873058e-01
     12.9          1.623973e+00        1.559572e+00        9.916709e-01
     13.0          1.620952e+00        1.568806e+00        9.960361e-01
     13.1          1.617931e+00        1.578041e+00        1.000401e+00
     13.2          1.614910e+00        1.587275e+00        1.004766e+00
     13.3          1.611889e+00        1.596509e+00        1.009132e+00
     13.4          1.607602e+00        1.605230e+00        1.012703e+00
     13.5          1.598502e+00        1.612398e+00        1.013828e+00
     13.6          1.589403e+00        1.619566e+00        1.014952e+00
     13.7          1.580303e+00        1.626734e+00        1.016076e+00
     13.8          1.571203e+00        1.633902e+00        1.017201e+00
     13.9          1.562103e+00        1.641070e+00        1.018325e+00
     14.0          1.553003e+00        1.648239e+00        1.019450e+00
     14.1          1.543903e+00        1.655407e+00        1.020574e+00
     14.2          1.529613e+00        1.661197e+00        1.019030e+00
     14.3          1.513731e+00        1.666664e+00        1.016856e+00
     14.4          1.497849e+00        1.672130e+00        1.014681e+00
     14.5          1.481967e+00        1.677597e+00        1.012506e+00
     14.6          1.466085e+00        1.683063e+00        1.010332e+00
     14.7          1.450203e+00        1.688530e+00        1.008157e+00
     14.8          1.434322e+00        1.693996e+00        1.005982e+00
     14.9          1.416067e+00        1.699035e+00        1.002644e+00
     15.0          1.392825e+00        1.703347e+00        9.973448e-01
     15.1          1.369583e+00        1.707659e+00        9.920460e-01
     15.2          1.346340e+00        1.711971e+00        9.867472e-01
     15.3          1.323098e+00        1.716283e+00        9.814485e-01
     15.4          1.299855e+00        1.720595e+00        9.761497e-01
     15.5          1.276613e+00        1.724907e+00        9.708509e-01
     15.6          1.253371e+00        1.729219e+00        9.655522e-01
     15.7          1.225074e+00        1.732823e+00        9.578726e-01
     15.8          1.196084e+00        1.736375e+00        9.500318e-01
     15.9          1.167094e+00        1.739927e+00        9.421909e-01
     16.0          1.138104e+00        1.743480e+00        9.343501e-01
     16.1          1.109114e+00        1.747032e+00        9.265093e-01
     16.2          1.080123e+00        1.750585e+00        9.186685e-01
     16.3          1.051133e+00        1.754137e+00        9.108277e-01
     16.4          1.021187e+00        1.757480e+00        9.023168e-01
     16.5          9.900056e-01        1.760607e+00        8.931372e-01
     16.6          9.588242e-01        1.763734e+00        8.839576e-01
     16.7          9.276428e-01        1.766861e+00        8.747780e-01
     16.8          8.964614e-01        1.769988e+00        8.655984e-01
     16.9          8.652800e-01        1.773115e+00        8.564188e-01
     17.0          8.340986e-01        1.776242e+00        8.472391e-01
     17.1          8.029172e-01        1.779349e+00        8.380720e-01
     17.2          7.749818e-01        1.782111e+00        8.290867e-01
     17.3          7.470679e-01        1.784874e+00        8.201013e-01
     17.4          7.191540e-01        1.787636e+00        8.111159e-01
     17.5          6.912401e-01        1.790398e+00        8.021305e-01
     17.6          6.633262e-01        1.793161e+00        7.931451e-01
     17.7          6.354123e-01        1.795923e+00        7.841597e-01
     17.8          6.074984e-01        1.798686e+00        7.751743e-01
     17.9          5.841826e-01        1.801186e+00        7.673961e-01
     18.0          5.646223e-01        1.803523e+00        7.603320e-01
     18.1          5.450620e-01        1.805860e+00        7.532679e-01
     18.2          5.255017e-01        1.808197e+00        7.462038e-01
     18.3          5.059413e-01        1.810534e+00        7.391396e-01
     18.4          4.863810e-01        1.812871e+00        7.320755e-01
     18.5          4.668207e-01        1.815208e+00        7.250114e-01
     18.6          4.483450e-01        1.817438e+00        7.185711e-01
     18.7          4.388749e-01        1.819167e+00        7.147515e-01
     18.8          4.294048e-01        1.820897e+00        7.109319e-01
     18.9          4.199347e-01        1.822626e+00        7.071123e-01
     19.0          4.104646e-01        1.824356e+00        7.032927e-01
     19.1          4.009945e-01        1.826085e+00        6.994731e-01
     19.2          3.915244e-01        1.827814e+00        6.956535e-01
     19.3          3.820543e-01        1.829544e+00        6.918339e-01
     19.4          3.789869e-01        1.830668e+00        6.920311e-01
     19.5          3.791519e-01        1.831577e+00        6.924960e-01
     19.6          3.793169e-01        1.832486e+00        6.929609e-01
     19.7          3.794818e-01        1.833395e+00        6.934257e-01
     19.8          3.796468e-01        1.834304e+00        6.938906e-01
     19.9          3.798117e-01        1.835213e+00        6.943555e-01
     20.0          3.799767e-01        1.836122e+00        6.948203e-01
     20.1          3.821709e-01        1.836722e+00        6.974745e-01
     20.2          3.914951e-01        1.836598e+00        7.023053e-01
     20.3          4.008193e-01        1.836475e+00        7.071361e-01
     20.4          4.101435e-01        1.836351e+00        7.119668e-01
     20.5          4.194677e-01        1.836227e+00        7.167976e-01
     20.6          4.287920e-01        1.836104e+00        7.216284e-01
     20.7          4.381162e-01        1.835980e+00        7.264592e-01
     20.8          4.474404e-01        1.835856e+00        7.315335e-01
     20.9          4.648041e-01        1.834686e+00        7.400897e-01
     21.0          4.825017e-01        1.833348e+00        7.486459e-01
     21.1          5.001992e-01        1.832009e+00        7.572022e-01
     21.2          5.178968e-01        1.830670e+00        7.657584e-01
     21.3          5.355944e-01        1.829331e+00        7.743146e-01
     21.4          5.532920e-01        1.827992e+00        7.828709e-01
     21.5          5.709896e-01        1.826653e+00        7.914271e-01
     21.6          5.927075e-01        1.824686e+00        8.014852e-01
     21.7          6.181787e-01        1.821859e+00        8.124280e-01
     21.8          6.436499e-01        1.819031e+00        8.233709e-01
     21.9          6.691211e-01        1.816204e+00        8.343137e-01
     22.0          6.945922e-01        1.813376e+00        8.452565e-01
     22.1          7.200634e-01        1.810549e+00        8.561994e-01
     22.2          7.455346e-01        1.807722e+00        8.671422e-01
     22.3          7.713587e-01        1.804894e+00        8.782312e-01
     22.4          8.015846e-01        1.800214e+00        8.899305e-01
     22.5          8.318105e-01        1.795504e+00        9.016297e-01
     22.6          8.620364e-01        1.790793e+00        9.133290e-01
     22.7          8.922622e-01        1.786082e+00        9.250283e-01
     22.8          9.224881e-01        1.781371e+00        9.367276e-01
     22.9          9.527140e-01        1.776661e+00        9.484269e-01
     23.0          9.829399e-01        1.771950e+00        9.601262e-01
     23.1          1.014183e+00        1.766047e+00        9.712818e-01
     23.2          1.046022e+00        1.759150e+00        9.822630e-01
     23.3          1.077860e+00        1.752252e+00        9.932442e-01
     23.4          1.109698e+00        1.745355e+00        1.004225e+00
     23.5          1.141536e+00        1.738457e+00        1.015207e+00
     23.6          1.173374e+00        1.731559e+00        1.026188e+00
     23.7          1.205212e+00        1.724662e+00        1.037169e+00
     23.8          1.236770e+00        1.717448e+00        1.047515e+00
     23.9          1.267118e+00        1.707576e+00        1.056517e+00
     24.0          1.297467e+00        1.697703e+00        1.065519e+00
     24.1          1.327816e+00        1.687831e+00        1.074521e+00
     24.2          1.358165e+00        1.677958e+00        1.083522e+00
     24.3          1.388514e+00        1.668086e+00        1.092524e+00
     24.4          1.418863e+00        1.658213e+00        1.101526e+00
     24.5          1.449212e+00        1.648341e+00        1.110528e+00
     24.6          1.476694e+00        1.635527e+00        1.117297e+00
     24.7          1.503197e+00        1.622190e+00        1.123777e+00
     24.8          1.529700e+00        1.608852e+00        1.130256e+00
     24.9          1.556203e+00        1.595515e+00        1.136735e+00
     25.0          1.582706e+00        1.582178e+00        1.143214e+00
     25.1          1.609208e+00        1.568840e+00        1.149694e+00
     25.2          1.635711e+00        1.555503e+00        1.156173e+00
     25.3          1.660539e+00        1.540272e+00        1.161476e+00
     25.4          1.681500e+00        1.522317e+00        1.165336e+00
     25.5          1.702462e+00        1.504363e+00        1.169196e+00
     25.6          1.723424e+00        1.486408e+00        1.173056e+00
     25.7          1.744385e+00        1.468453e+00        1.176916e+00
     25.8          1.765347e+00        1.450499e+00        1.180775e+00
     25.9          1.786309e+00        1.432544e+00        1.184635e+00
     26.0          1.807270e+00        1.414590e+00        1.188464e+00
     26.1          1.822688e+00        1.391501e+00        1.189879e+00
     26.2          1.837199e+00        1.368262e+00        1.191294e+00
     26.3          1.851710e+00        1.345022e+00        1.192709e+00
     26.4          1.866221e+00        1.321783e+00        1.194124e+00
     26.5          1.880732e+00        1.298543e+00        1.195539e+00
     26.6          1.895243e+00        1.275304e+00        1.196954e+00
     26.7          1.909754e+00        1.252065e+00        1.198369e+00
     26.8          1.921562e+00        1.226398e+00        1.198497e+00
     26.9          1.929581e+00        1.198602e+00        1.197681e+00
     27.0          1.937600e+00        1.170807e+00        1.196864e+00
     27.1          1.945619e+00        1.143011e+00        1.196048e+00
     27.2          1.953639e+00        1.115215e+00        1.195232e+00
     27.3          1.961658e+00        1.087419e+00        1.194415e+00
     27.4          1.969677e+00        1.059624e+00        1.193599e+00
     27.5          1.977696e+00        1.031622e+00        1.192551e+00
     27.6          1.979919e+00        1.001640e+00        1.190085e+00
     27.7          1.981984e+00        9.716583e-01        1.187620e+00
     27.8          1.984049e+00        9.416762e-01        1.185154e+00
     27.9          1.986114e+00        9.116941e-01        1.182689e+00
     28.0          1.988179e+00        8.817119e-01        1.180223e+00
     28.1          1.990244e+00        8.517298e-01        1.177758e+00
     28.2          1.992309e+00        8.217477e-01        1.175292e+00
     28.3          1.992027e+00        7.932189e-01        1.172321e+00
     28.4          1.989668e+00        7.654547e-01        1.169138e+00
     28.5          1.987309e+00        7.376905e-01        1.165954e+00
     28.6          1.984950e+00        7.099262e-01        1.162771e+00
     28.7          1.982591e+00        6.821620e-01        1.159588e+00
     28.8          1.980231e+00        6.543977e-01        1.156405e+00
     28.9          1.977872e+00        6.266335e-01        1.153221e+00
     29.0          1.975354e+00        6.002639e-01        1.150184e+00
     29.1          1.971176e+00        5.789397e-01        1.147544e+00
     29.2          1.966997e+00        5.576156e-01        1.144904e+00
     29.3          1.962819e+00        5.362914e-01        1.142264e+00
     29.4          1.958641e+00        5.149672e-01        1.139624e+00
     29.5          1.954462e+00        4.936430e-01        1.136984e+00
     29.6          1.950284e+00        4.723189e-01        1.134344e+00
     29.7          1.946105e+00        4.509947e-01        1.131704e+00
     29.8          1.942700e+00        4.360737e-01        1.130469e+00
     29.9          1.939721e+00        4.229816e-01        1.129517e+00
     30.0          1.936741e+00        4.098894e-01        1.128565e+00
     30.1          1.933762e+00        3.967973e-01        1.127613e+00
     30.2          1.930783e+00        3.837051e-01        1.126661e+00
     30.3          1.927803e+00        3.706130e-01        1.125709e+00
     30.4          1.924824e+00        3.575208e-01        1.124757e+00
     30.5          1.922670e+00        3.469730e-01        1.124628e+00
     30.6          1.923784e+00        3.413837e-01        1.125751e+00
     30.7          1.924898e+00        3.357943e-01        1.126875e+00
     30.8          1.926012e+00        3.302049e-01        1.127999e+00
     30.9          1.927126e+00        3.246156e-01        1.129123e+00
     31.0          1.928240e+00        3.190262e-01        1.130247e+00
     31.1          1.929354e+00        3.134368e-01        1.131371e+00
     31.2          1.930468e+00        3.078474e-01        1.132495e+00
     31.3          1.935879e+00        3.081109e-01        1.135091e+00
     31.4          1.942658e+00        3.090218e-01        1.137747e+00
     31.5          1.949436e+00        3.099326e-01        1.140404e+00
     31.6          1.956215e+00        3.108435e-01        1.143061e+00
     31.7          1.962993e+00        3.117544e-01        1.145717e+00
     31.8          1.969772e+00        3.126652e-01        1.148374e+00
     31.9          1.976550e+00        3.135761e-01        1.151031e+00
     32.0          1.984934e+00        3.175581e-01        1.153993e+00
     32.1          1.996798e+00        3.251209e-01        1.157231e+00
     32.2          2.008662e+00        3.326837e-01        1.160470e+00
     32.3          2.020525e+00        3.402465e-01        1.163709e+00
     32.4          2.032389e+00        3.478092e-01        1.166947e+00
     32.5          2.044252e+00        3.553720e-01        1.170186e+00
     32.6          2.056116e+00        3.629348e-01        1.173425e+00
     32.7          2.067980e+00        3.706706e-01        1.176633e+00
     32.8          2.082297e+00        3.857660e-01        1.179522e+00
     32.9          2.096972e+00        4.008614e-01        1.182411e+00
     33.0          2.111647e+00        4.159569e-01        1.185301e+00
     33.1          2.126322e+00        4.310523e-01        1.188190e+00
     33.2          2.140997e+00        4.461477e-01        1.191080e+00
     33.3          2.155672e+00        4.612432e-01        1.193969e+00
     33.4          2.170348e+00        4.763386e-01        1.196858e+00
     33.5          2.184951e+00        4.959058e-01        1.199179e+00
     33.6          2.199460e+00        5.186551e-01        1.201195e+00
     33.7          2.213970e+00        5.414043e-01        1.203211e+00
     33.8          2.228479e+00        5.641535e-01        1.205227e+00
     33.9          2.242988e+00        5.869027e-01        1.207244e+00
     34.0          2.257497e+00        6.096519e-01        1.209260e+00
     34.1          2.272006e+00        6.324012e-01        1.211276e+00
     34.2          2.286516e+00        6.559548e-01        1.213045e+00
     34.3          2.297720e+00        6.842317e-01        1.213917e+00
     34.4          2.308880e+00        7.125086e-01        1.214789e+00
     34.5          2.320040e+00        7.407856e-01        1.215660e+00
     34.6          2.331200e+00        7.690625e-01        1.216532e+00
     34.7          2.342360e+00        7.973394e-01        1.217403e+00
     34.8          2.353520e+00        8.256163e-01        1.218275e+00
     34.9          2.364680e+00        8.538933e-01        1.219147e+00
     35.0          2.372962e+00        8.832002e-01        1.219141e+00
     35.1          2.378830e+00        9.129343e-01        1.218887e+00
     35.2          2.384698e+00        9.426685e-01        1.218634e+00
     35.3          2.390566e+00        9.724026e-01        1.218380e+00
     35.4          2.396434e+00        1.002137e+00        1.218126e+00
     35.5          2.402302e+00        1.031871e+00        1.217873e+00
     35.6          2.408170e+00        1.061605e+00        1.217619e+00
     35.7          2.413388e+00        1.090549e+00        1.217072e+00
     35.8          2.412806e+00        1.117337e+00        1.215965e+00
     35.9          2.412225e+00        1.144125e+00        1.214858e+00
     36.0          2.411643e+00        1.170912e+00        1.213750e+00
     36.1          2.411061e+00        1.197700e+00        1.212643e+00
     36.2          2.410480e+00        1.224487e+00        1.211536e+00
     36.3          2.409898e+00        1.251275e+00        1.210429e+00
     36.4          2.409316e+00        1.278063e+00        1.209321e+00
     36.5          2.403947e+00        1.299812e+00        1.207915e+00
     36.6          2.396089e+00        1.320524e+00        1.206478e+00
     36.7          2.388231e+00        1.341237e+00        1.205041e+00
     36.8          2.380373e+00        1.361949e+00        1.203604e+00
     36.9          2.372515e+00        1.382662e+00        1.202167e+00
     37.0          2.364657e+00        1.403374e+00        1.200730e+00
     37.1          2.356799e+00        1.424087e+00        1.199292e+00
     37.2          2.347146e+00        1.441892e+00        1.198007e+00
     37.3          2.330936e+00        1.455163e+00        1.196892e+00
     37.4          2.314727e+00        1.468434e+00        1.195777e+00
     37.5          2.298518e+00        1.481705e+00        1.194662e+00
     37.6          2.282309e+00        1.494976e+00        1.193548e+00
     37.7          2.266100e+00        1.508247e+00        1.192433e+00
     37.8          2.249891e+00        1.521518e+00        1.191318e+00
     37.9          2.233682e+00        1.534789e+00        1.190368e+00
     38.0          2.209525e+00        1.540716e+00        1.190018e+00
     38.1          2.183022e+00        1.546272e+00        1.189667e+00
     38.2          2.156519e+00        1.551828e+00        1.189316e+00
     38.3          2.130016e+00        1.557385e+00        1.188966e+00
     38.4          2.103513e+00        1.562941e+00        1.188615e+00
     38.5          2.077010e+00        1.568497e+00        1.188265e+00
     38.6          2.050507e+00        1.574054e+00        1.187914e+00
     38.7          2.020049e+00        1.575775e+00        1.187912e+00
     38.8          1.981527e+00        1.573860e+00        1.188007e+00
     38.9          1.943006e+00        1.571945e+00        1.188103e+00
     39.0          1.904484e+00        1.570029e+00        1.188198e+00
     39.1          1.865962e+00        1.568114e+00        1.188294e+00
     39.2          1.827441e+00        1.566198e+00        1.188390e+00
     39.3          1.788919e+00        1.564283e+00        1.188485e+00
     39.4          1.749863e+00        1.561822e+00        1.188481e+00
     39.5          1.703434e+00        1.552588e+00        1.188285e+00
     39.6          1.657005e+00        1.543353e+00        1.188090e+00
     39.7          1.610576e+00        1.534118e+00        1.187894e+00
     39.8          1.564147e+00        1.524883e+00        1.187699e+00
     39.9          1.517718e+00        1.515648e+00        1.187504e+00
     40.0          1.471289e+00        1.506414e+00        1.187308e+00
     40.1          1.424860e+00        1.497179e+00        1.187113e+00
     40.2          1.378510e+00        1.483329e+00        1.186107e+00
     40.3          1.332206e+00        1.466836e+00        1.185019e+00
     40.4          1.285902e+00        1.450343e+00        1.183931e+00
     40.5          1.239599e+00        1.433850e+00        1.182844e+00
     40.6          1.193295e+00        1.417356e+00        1.181756e+00
     40.7          1.146991e+00        1.400863e+00        1.180668e+00
     40.8          1.100688e+00        1.384370e+00        1.179580e+00
     40.9          1.056450e+00        1.366578e+00        1.178025e+00
     41.0          1.021516e+00        1.343494e+00        1.175948e+00
     41.1          9.865816e-01        1.320411e+00        1.173871e+00
     41.2          9.516474e-01        1.297327e+00        1.171794e+00
     41.3          9.167132e-01        1.274244e+00        1.169717e+00
     41.4          8.817790e-01        1.251160e+00        1.167640e+00
     41.5          8.468448e-01        1.228076e+00        1.165563e+00
     41.6          8.119106e-01        1.204993e+00        1.163474e+00
     41.7          7.913307e-01        1.179099e+00        1.161087e+00
     41.8          7.758271e-01        1.152311e+00        1.158699e+00
     41.9          7.603235e-01        1.125522e+00        1.156312e+00
     42.0          7.448199e-01        1.098734e+00        1.153924e+00
     42.1          7.293163e-01        1.071945e+00        1.151537e+00
     42.2          7.138127e-01        1.045156e+00        1.149149e+00
     42.3          6.983090e-01        1.018368e+00        1.146762e+00
     42.4          6.891026e-01        9.918034e-01        1.144875e+00
     42.5          6.948894e-01        9.657156e-01        1.143322e+00
     42.6          7.006762e-01        9.396279e-01        1.141769e+00
     42.7          7.064629e-01        9.135402e-01        1.140215e+00
     42.8          7.122497e-01        8.874525e-01        1.138662e+00
     42.9          7.180365e-01        8.613648e-01        1.137109e+00
     43.0          7.238232e-01        8.352771e-01        1.135555e+00
     43.1          7.296100e-01        8.096778e-01        1.134298e+00
     43.2          7.515435e-01        7.914244e-01        1.134549e+00
     43.3          7.762638e-01        7.731710e-01        1.134800e+00
     43.4          8.009842e-01        7.549176e-01        1.135051e+00
     43.5          8.257046e-01        7.366642e-01        1.135302e+00
     43.6          8.504250e-01        7.184108e-01        1.135553e+00
     43.7          8.751453e-01        7.001575e-01        1.135804e+00
     43.8          8.998657e-01        6.819041e-01        1.136055e+00
     43.9          9.307365e-01        6.707908e-01        1.137803e+00
     44.0          9.704624e-01        6.639872e-01        1.140110e+00
     44.1          1.010188e+00        6.571835e-01        1.142417e+00
     44.2          1.049914e+00        6.503798e-01        1.144724e+00
     44.3          1.089640e+00        6.435762e-01        1.147031e+00
     44.4          1.129366e+00        6.367725e-01        1.149339e+00
     44.5          1.169092e+00        6.299688e-01        1.151646e+00
     44.6          1.208818e+00        6.254620e-01        1.154344e+00
     44.7          1.256378e+00        6.310796e-01        1.157989e+00
     44.8          1.304205e+00        6.366973e-01        1.161635e+00
     44.9          1.352033e+00        6.423149e-01        1.165280e+00
     45.0          1.399861e+00        6.479325e-01        1.168926e+00
     45.1          1.447688e+00        6.535501e-01        1.172571e+00
     45.2          1.495516e+00        6.591677e-01        1.176217e+00
     45.3          1.543343e+00        6.647853e-01        1.179862e+00
     45.4          1.591387e+00        6.782436e-01        1.183724e+00
     45.5          1.639627e+00        6.943689e-01        1.187622e+00
     45.6          1.687868e+00        7.104942e-01        1.191519e+00
     45.7          1.736108e+00        7.266196e-01        1.195417e+00
     45.8          1.784348e+00        7.427449e-01        1.199315e+00
     45.9          1.832588e+00        7.588703e-01        1.203212e+00
     46.0          1.880828e+00        7.749956e-01        1.207110e+00
     46.1          1.928530e+00        7.932779e-01        1.210698e+00
     46.2          1.970114e+00        8.164182e-01        1.213858e+00
     46.3          2.011697e+00        8.395585e-01        1.217019e+00
     46.4          2.053281e+00        8.626988e-01        1.220179e+00
     46.5          2.094865e+00        8.858390e-01        1.223340e+00
     46.6          2.136449e+00        9.089793e-01        1.226500e+00
     46.7          2.178033e+00        9.321196e-01        1.229660e+00
     46.8          2.219617e+00        9.552599e-01        1.232821e+00
     46.9          2.254660e+00        9.814602e-01        1.234684e+00
     47.0          2.285991e+00        1.008123e+00        1.236525e+00
     47.1          2.317323e+00        1.034786e+00        1.238366e+00
     47.2          2.348654e+00        1.061448e+00        1.240208e+00
     47.3          2.379985e+00        1.088111e+00        1.242049e+00
     47.4          2.411317e+00        1.114774e+00        1.243891e+00
     47.5          2.442648e+00        1.141436e+00        1.245732e+00
     47.6          2.471924e+00        1.167864e+00        1.246840e+00
     47.7          2.492713e+00        1.193979e+00        1.247343e+00
     47.8          2.513503e+00        1.220095e+00        1.247846e+00
     47.9          2.534293e+00        1.246210e+00        1.248349e+00
     48.0          2.555083e+00        1.272326e+00        1.248852e+00
     48.1          2.575872e+00        1.298441e+00        1.249355e+00
     48.2          2.596662e+00        1.324557e+00        1.249858e+00
     48.3          2.617452e+00        1.350672e+00        1.250237e+00
     48.4          2.632272e+00        1.373777e+00        1.249634e+00
     48.5          2.645125e+00        1.396855e+00        1.249031e+00
     48.6          2.657978e+00        1.419933e+00        1.248428e+00
     48.7          2.670831e+00        1.443012e+00        1.247826e+00
     48.8          2.683683e+00        1.466090e+00        1.247223e+00
     48.9          2.696536e+00        1.489168e+00        1.246620e+00
     49.0          2.709389e+00        1.512247e+00        1.246017e+00
     49.1          2.720516e+00        1.533009e+00        1.244916e+00
     49.2          2.727788e+00        1.551896e+00        1.243577e+00
     49.3          2.735061e+00        1.570783e+00        1.242237e+00
     49.4          2.742333e+00        1.589670e+00        1.240897e+00
     49.5          2.749605e+00        1.608557e+00        1.239557e+00
     49.6          2.756877e+00        1.627444e+00        1.238217e+00
     49.7          2.764149e+00        1.646331e+00        1.236877e+00
     49.8          2.771421e+00        1.665218e+00        1.235538e+00
     49.9          2.778693e+00        1.684105e+00        1.234198e+00
     50.0          2.785965e+00        1.702992e+00        1.232858e+00
