                       g_value (photons/atom/s)
Velocity (km/s)      2796.35 A           2803.53 A
    -50.0          1.793053e-01        9.712987e-02
    -49.9          1.806120e-01        9.723639e-02
    -49.8          1.819187e-01        9.734291e-02
    -49.7          1.832254e-01        9.744943e-02
    -49.6          1.845321e-01        9.755595e-02
    -49.5          1.858387e-01        9.766247e-02
    -49.4          1.871454e-01        9.776899e-02
    -49.3          1.884521e-01        9.787551e-02
    -49.2          1.897588e-01        9.798203e-02
    -49.1          1.910654e-01        9.808854e-02
    -49.0          1.923721e-01        9.819506e-02
    -48.9          1.936788e-01        9.830158e-02
    -48.8          1.949855e-01        9.840810e-02
    -48.7          1.962921e-01        9.851462e-02
    -48.6          1.975988e-01        9.862113e-02
    -48.5          1.989055e-01        9.872765e-02
    -48.4          2.002122e-01        9.883417e-02
    -48.3          2.015188e-01        9.894069e-02
    -48.2          2.028255e-01        9.904721e-02
    -48.1          2.041322e-01        9.915372e-02
    -48.0          2.054388e-01        9.926024e-02
    -47.9          2.067455e-01        9.936675e-02
    -47.8          2.080522e-01        9.947327e-02
    -47.7          2.093588e-01        9.957978e-02
    -47.6          2.106655e-01        9.968630e-02
    -47.5          2.119721e-01        9.979282e-02
    -47.4          2.132788e-01        9.989933e-02
    -47.3          2.145855e-01        1.000058e-01
    -47.2          2.158921e-01        1.001124e-01
    -47.1          2.171988e-01        1.002189e-01
    -47.0          2.185054e-01        1.003254e-01
    -46.9          2.198121e-01        1.004319e-01
    -46.8          2.211187e-01        1.005384e-01
    -46.7          2.224253e-01        1.006449e-01
    -46.6          2.237320e-01        1.007515e-01
    -46.5          2.250386e-01        1.008580e-01
    -46.4          2.263453e-01        1.009645e-01
    -46.3          2.276519e-01        1.010710e-01
    -46.2          2.289586e-01        1.011775e-01
    -46.1          2.302652e-01        1.012840e-01
    -46.0          2.315718e-01        1.013905e-01
    -45.9          2.328785e-01        1.014971e-01
    -45.8          2.341851e-01        1.016036e-01
    -45.7          2.354917e-01        1.017101e-01
    -45.6          2.367984e-01        1.018166e-01
    -45.5          2.381050e-01        1.019231e-01
    -45.4          2.394117e-01        1.020296e-01
    -45.3          2.407183e-01        1.021361e-01
    -45.2          2.420249e-01        1.022427e-01
    -45.1          2.433316e-01        1.023492e-01
    -45.0          2.446382e-01        1.024557e-01
    -44.9          2.459448e-01        1.025622e-01
    -44.8          2.472514e-01        1.026687e-01
    -44.7          2.485581e-01        1.027752e-01
    -44.6          2.498647e-01        1.028817e-01
    -44.5          2.511713e-01        1.029883e-01
    -44.4          2.524780e-01        1.030948e-01
    -44.3          2.537846e-01        1.032013e-01
    -44.2          2.550912e-01        1.033078e-01
    -44.1          2.563978e-01        1.034143e-01
    -44.0          2.577045e-01        1.035208e-01
    -43.9          2.590111e-01        1.036273e-01
    -43.8          2.603177e-01        1.037339e-01
    -43.7          2.616243e-01        1.038404e-01
    -43.6          2.629309e-01        1.039469e-01
    -43.5          2.642375e-01        1.040534e-01
    -43.4          2.655441e-01        1.041599e-01
    -43.3          2.668508e-01        1.042664e-01
    -43.2          2.681574e-01        1.043729e-01
    -43.1          2.694640e-01        1.044794e-01
    -43.0          2.707706e-01        1.045860e-01
    -42.9          2.720772e-01        1.046925e-01
    -42.8          2.733838e-01        1.047990e-01
    -42.7          2.746904e-01        1.051168e-01
    -42.6          2.759970e-01        1.055525e-01
    -42.5          2.773036e-01        1.059882e-01
    -42.4          2.786102e-01        1.064239e-01
    -42.3          2.799168e-01        1.068596e-01
    -42.2          2.812234e-01        1.072953e-01
    -42.1          2.825300e-01        1.077310e-01
    -42.0          2.838366e-01        1.081667e-01
    -41.9          2.851432e-01        1.086024e-01
    -41.8          2.864498e-01        1.090381e-01
    -41.7          2.877564e-01        1.094738e-01
    -41.6          2.890630e-01        1.101133e-01
    -41.5          2.903696e-01        1.107663e-01
    -41.4          2.916762e-01        1.114193e-01
    -41.3          2.929828e-01        1.120723e-01
    -41.2          2.942893e-01        1.127253e-01
    -41.1          2.955959e-01        1.133783e-01
    -41.0          2.969025e-01        1.140312e-01
    -40.9          2.982091e-01        1.146842e-01
    -40.8          2.995157e-01        1.153372e-01
    -40.7          3.010416e-01        1.159902e-01
    -40.6          3.031404e-01        1.166432e-01
    -40.5          3.052392e-01        1.172962e-01
    -40.4          3.073380e-01        1.179492e-01
    -40.3          3.094368e-01        1.186022e-01
    -40.2          3.115355e-01        1.192552e-01
    -40.1          3.136343e-01        1.199081e-01
    -40.0          3.157331e-01        1.205611e-01
    -39.9          3.178319e-01        1.212141e-01
    -39.8          3.199307e-01        1.218671e-01
    -39.7          3.220295e-01        1.225201e-01
    -39.6          3.247090e-01        1.231731e-01
    -39.5          3.278727e-01        1.238261e-01
    -39.4          3.310365e-01        1.244790e-01
    -39.3          3.342002e-01        1.251320e-01
    -39.2          3.373639e-01        1.257850e-01
    -39.1          3.405277e-01        1.264380e-01
    -39.0          3.436914e-01        1.270909e-01
    -38.9          3.468552e-01        1.277439e-01
    -38.8          3.500189e-01        1.283969e-01
    -38.7          3.531827e-01        1.290499e-01
    -38.6          3.563464e-01        1.297028e-01
    -38.5          3.595101e-01        1.303558e-01
    -38.4          3.626738e-01        1.310088e-01
    -38.3          3.658375e-01        1.316618e-01
    -38.2          3.690013e-01        1.323147e-01
    -38.1          3.721650e-01        1.329677e-01
    -38.0          3.753287e-01        1.336207e-01
    -37.9          3.784924e-01        1.342736e-01
    -37.8          3.816561e-01        1.349266e-01
    -37.7          3.848198e-01        1.355796e-01
    -37.6          3.879835e-01        1.362325e-01
    -37.5          3.911472e-01        1.368855e-01
    -37.4          3.943109e-01        1.375405e-01
    -37.3          3.974746e-01        1.382098e-01
    -37.2          4.006383e-01        1.388791e-01
    -37.1          4.038020e-01        1.395483e-01
    -37.0          4.069657e-01        1.402176e-01
    -36.9          4.101294e-01        1.408869e-01
    -36.8          4.132931e-01        1.415562e-01
    -36.7          4.164567e-01        1.422255e-01
    -36.6          4.196204e-01        1.428948e-01
    -36.5          4.227841e-01        1.435641e-01
    -36.4          4.259478e-01        1.442334e-01
    -36.3          4.291114e-01        1.448916e-01
    -36.2          4.322751e-01        1.455446e-01
    -36.1          4.354387e-01        1.461975e-01
    -36.0          4.386024e-01        1.468504e-01
    -35.9          4.417660e-01        1.475034e-01
    -35.8          4.449297e-01        1.481563e-01
    -35.7          4.480933e-01        1.488093e-01
    -35.6          4.512570e-01        1.494622e-01
    -35.5          4.544206e-01        1.501152e-01
    -35.4          4.575843e-01        1.507681e-01
    -35.3          4.607479e-01        1.514211e-01
    -35.2          4.639115e-01        1.520740e-01
    -35.1          4.670752e-01        1.527270e-01
    -35.0          4.702388e-01        1.533799e-01
    -34.9          4.734024e-01        1.540329e-01
    -34.8          4.765660e-01        1.546858e-01
    -34.7          4.797297e-01        1.553388e-01
    -34.6          4.828933e-01        1.559917e-01
    -34.5          4.860569e-01        1.566447e-01
    -34.4          4.892205e-01        1.572976e-01
    -34.3          4.923842e-01        1.579506e-01
    -34.2          4.955478e-01        1.586035e-01
    -34.1          4.987114e-01        1.592564e-01
    -34.0          5.018750e-01        1.599094e-01
    -33.9          5.050386e-01        1.605623e-01
    -33.8          5.082023e-01        1.612153e-01
    -33.7          5.113659e-01        1.618682e-01
    -33.6          5.145295e-01        1.625211e-01
    -33.5          5.176931e-01        1.631741e-01
    -33.4          5.208567e-01        1.638270e-01
    -33.3          5.240204e-01        1.644799e-01
    -33.2          5.271840e-01        1.651329e-01
    -33.1          5.303475e-01        1.657858e-01
    -33.0          5.335111e-01        1.664388e-01
    -32.9          5.366746e-01        1.670917e-01
    -32.8          5.398382e-01        1.677446e-01
    -32.7          5.430018e-01        1.683976e-01
    -32.6          5.461653e-01        1.690505e-01
    -32.5          5.493289e-01        1.697034e-01
    -32.4          5.524925e-01        1.703564e-01
    -32.3          5.556560e-01        1.710093e-01
    -32.2          5.588196e-01        1.716622e-01
    -32.1          5.619831e-01        1.723152e-01
    -32.0          5.651467e-01        1.733489e-01
    -31.9          5.683103e-01        1.744435e-01
    -31.8          5.714738e-01        1.755382e-01
    -31.7          5.746374e-01        1.766328e-01
    -31.6          5.778009e-01        1.777275e-01
    -31.5          5.809645e-01        1.788221e-01
    -31.4          5.841280e-01        1.799168e-01
    -31.3          5.872916e-01        1.810114e-01
    -31.2          5.904552e-01        1.821060e-01
    -31.1          5.936187e-01        1.832007e-01
    -31.0          5.967822e-01        1.843419e-01
    -30.9          5.999458e-01        1.857311e-01
    -30.8          6.031093e-01        1.871203e-01
    -30.7          6.062728e-01        1.885095e-01
    -30.6          6.094363e-01        1.898987e-01
    -30.5          6.125999e-01        1.912879e-01
    -30.4          6.157634e-01        1.926771e-01
    -30.3          6.189269e-01        1.940663e-01
    -30.2          6.220904e-01        1.954555e-01
    -30.1          6.252540e-01        1.968447e-01
    -30.0          6.284175e-01        1.982339e-01
    -29.9          6.316120e-01        1.996231e-01
    -29.8          6.348078e-01        2.010123e-01
    -29.7          6.380035e-01        2.024015e-01
    -29.6          6.411993e-01        2.037907e-01
    -29.5          6.443951e-01        2.051799e-01
    -29.4          6.475909e-01        2.065690e-01
    -29.3          6.507866e-01        2.079582e-01
    -29.2          6.539824e-01        2.093474e-01
    -29.1          6.571782e-01        2.107366e-01
    -29.0          6.603740e-01        2.121258e-01
    -28.9          6.635010e-01        2.135150e-01
    -28.8          6.665567e-01        2.149042e-01
    -28.7          6.696125e-01        2.162933e-01
    -28.6          6.726682e-01        2.176825e-01
    -28.5          6.757240e-01        2.190717e-01
    -28.4          6.787798e-01        2.204608e-01
    -28.3          6.818355e-01        2.218500e-01
    -28.2          6.848913e-01        2.232392e-01
    -28.1          6.879470e-01        2.246283e-01
    -28.0          6.910028e-01        2.260175e-01
    -27.9          6.940585e-01        2.274067e-01
    -27.8          6.971143e-01        2.287958e-01
    -27.7          7.001700e-01        2.301850e-01
    -27.6          7.032257e-01        2.315741e-01
    -27.5          7.062815e-01        2.329633e-01
    -27.4          7.093372e-01        2.343525e-01
    -27.3          7.123929e-01        2.357416e-01
    -27.2          7.154487e-01        2.371308e-01
    -27.1          7.185044e-01        2.385199e-01
    -27.0          7.215601e-01        2.399091e-01
    -26.9          7.246158e-01        2.412982e-01
    -26.8          7.276716e-01        2.426874e-01
    -26.7          7.307273e-01        2.440765e-01
    -26.6          7.337830e-01        2.454657e-01
    -26.5          7.368387e-01        2.468548e-01
    -26.4          7.398944e-01        2.482439e-01
    -26.3          7.429501e-01        2.496331e-01
    -26.2          7.460058e-01        2.510222e-01
    -26.1          7.490615e-01        2.524113e-01
    -26.0          7.521172e-01        2.538005e-01
    -25.9          7.551729e-01        2.551896e-01
    -25.8          7.582286e-01        2.565787e-01
    -25.7          7.612843e-01        2.579678e-01
    -25.6          7.643400e-01        2.593570e-01
    -25.5          7.673957e-01        2.607461e-01
    -25.4          7.704514e-01        2.621353e-01
    -25.3          7.735071e-01        2.635244e-01
    -25.2          7.765628e-01        2.649135e-01
    -25.1          7.796185e-01        2.663027e-01
    -25.0          7.826742e-01        2.676918e-01
    -24.9          7.857299e-01        2.690809e-01
    -24.8          7.887856e-01        2.704701e-01
    -24.7          7.918414e-01        2.718592e-01
    -24.6          7.948970e-01        2.732483e-01
    -24.5          7.979527e-01        2.746374e-01
    -24.4          8.010084e-01        2.760265e-01
    -24.3          8.040641e-01        2.774156e-01
    -24.2          8.071197e-01        2.788047e-01
    -24.1          8.101754e-01        2.801938e-01
    -24.0          8.132311e-01        2.815829e-01
    -23.9          8.162868e-01        2.829720e-01
    -23.8          8.193424e-01        2.843611e-01
    -23.7          8.223981e-01        2.857502e-01
    -23.6          8.254538e-01        2.871393e-01
    -23.5          8.285094e-01        2.885284e-01
    -23.4          8.315651e-01        2.899175e-01
    -23.3          8.346207e-01        2.913066e-01
    -23.2          8.376764e-01        2.926957e-01
    -23.1          8.407321e-01        2.940848e-01
    -23.0          8.437877e-01        2.954739e-01
    -22.9          8.468434e-01        2.968630e-01
    -22.8          8.498990e-01        2.982521e-01
    -22.7          8.529547e-01        2.996412e-01
    -22.6          8.560103e-01        3.010303e-01
    -22.5          8.590660e-01        3.024195e-01
    -22.4          8.621216e-01        3.038085e-01
    -22.3          8.651772e-01        3.051976e-01
    -22.2          8.682327e-01        3.065867e-01
    -22.1          8.712883e-01        3.079758e-01
    -22.0          8.743439e-01        3.093648e-01
    -21.9          8.773995e-01        3.107539e-01
    -21.8          8.804551e-01        3.121430e-01
    -21.7          8.835107e-01        3.135320e-01
    -21.6          8.865663e-01        3.149211e-01
    -21.5          8.896218e-01        3.163102e-01
    -21.4          8.926774e-01        3.176992e-01
    -21.3          8.957330e-01        3.186494e-01
    -21.2          8.987885e-01        3.195038e-01
    -21.1          9.018441e-01        3.203582e-01
    -21.0          9.048996e-01        3.212126e-01
    -20.9          9.079552e-01        3.220670e-01
    -20.8          9.110107e-01        3.229214e-01
    -20.7          9.140663e-01        3.237758e-01
    -20.6          9.171218e-01        3.246303e-01
    -20.5          9.201774e-01        3.254847e-01
    -20.4          9.232329e-01        3.263391e-01
    -20.3          9.262885e-01        3.271514e-01
    -20.2          9.293441e-01        3.276457e-01
    -20.1          9.323997e-01        3.281399e-01
    -20.0          9.354553e-01        3.286342e-01
    -19.9          9.385110e-01        3.291285e-01
    -19.8          9.415666e-01        3.296227e-01
    -19.7          9.446222e-01        3.301170e-01
    -19.6          9.476778e-01        3.306112e-01
    -19.5          9.507334e-01        3.311055e-01
    -19.4          9.537890e-01        3.315998e-01
    -19.3          9.568446e-01        3.320940e-01
    -19.2          9.585188e-01        3.325883e-01
    -19.1          9.600512e-01        3.330825e-01
    -19.0          9.615835e-01        3.335767e-01
    -18.9          9.631158e-01        3.340710e-01
    -18.8          9.646481e-01        3.345652e-01
    -18.7          9.661804e-01        3.350594e-01
    -18.6          9.677127e-01        3.355536e-01
    -18.5          9.692450e-01        3.360479e-01
    -18.4          9.707773e-01        3.365421e-01
    -18.3          9.723096e-01        3.370363e-01
    -18.2          9.734758e-01        3.375306e-01
    -18.1          9.729190e-01        3.380248e-01
    -18.0          9.723623e-01        3.385190e-01
    -17.9          9.718056e-01        3.390133e-01
    -17.8          9.712489e-01        3.395075e-01
    -17.7          9.706922e-01        3.400018e-01
    -17.6          9.701355e-01        3.404960e-01
    -17.5          9.695787e-01        3.409902e-01
    -17.4          9.690220e-01        3.414845e-01
    -17.3          9.684653e-01        3.419787e-01
    -17.2          9.679086e-01        3.424730e-01
    -17.1          9.673519e-01        3.429672e-01
    -17.0          9.667952e-01        3.434615e-01
    -16.9          9.662385e-01        3.439557e-01
    -16.8          9.656818e-01        3.444500e-01
    -16.7          9.651251e-01        3.449442e-01
    -16.6          9.645684e-01        3.454385e-01
    -16.5          9.640117e-01        3.459327e-01
    -16.4          9.634550e-01        3.464270e-01
    -16.3          9.628983e-01        3.469212e-01
    -16.2          9.623416e-01        3.474155e-01
    -16.1          9.617849e-01        3.479097e-01
    -16.0          9.612282e-01        3.484040e-01
    -15.9          9.606715e-01        3.488982e-01
    -15.8          9.601148e-01        3.493924e-01
    -15.7          9.595581e-01        3.498866e-01
    -15.6          9.590014e-01        3.503809e-01
    -15.5          9.584447e-01        3.508751e-01
    -15.4          9.578880e-01        3.513693e-01
    -15.3          9.573313e-01        3.518635e-01
    -15.2          9.567746e-01        3.523578e-01
    -15.1          9.562179e-01        3.528520e-01
    -15.0          9.556612e-01        3.533462e-01
    -14.9          9.551046e-01        3.538404e-01
    -14.8          9.545479e-01        3.543347e-01
    -14.7          9.539912e-01        3.548289e-01
    -14.6          9.534345e-01        3.553231e-01
    -14.5          9.528779e-01        3.558174e-01
    -14.4          9.523212e-01        3.563116e-01
    -14.3          9.517645e-01        3.568058e-01
    -14.2          9.512078e-01        3.573000e-01
    -14.1          9.506511e-01        3.577943e-01
    -14.0          9.500945e-01        3.582885e-01
    -13.9          9.495378e-01        3.587827e-01
    -13.8          9.489811e-01        3.592769e-01
    -13.7          9.484245e-01        3.597711e-01
    -13.6          9.478678e-01        3.602653e-01
    -13.5          9.473112e-01        3.607595e-01
    -13.4          9.467545e-01        3.612537e-01
    -13.3          9.461978e-01        3.617479e-01
    -13.2          9.456412e-01        3.622421e-01
    -13.1          9.450845e-01        3.627364e-01
    -13.0          9.445279e-01        3.632306e-01
    -12.9          9.439712e-01        3.637248e-01
    -12.8          9.434145e-01        3.642190e-01
    -12.7          9.428578e-01        3.647132e-01
    -12.6          9.423011e-01        3.652074e-01
    -12.5          9.417444e-01        3.657016e-01
    -12.4          9.411877e-01        3.661958e-01
    -12.3          9.406310e-01        3.666900e-01
    -12.2          9.400743e-01        3.671842e-01
    -12.1          9.395176e-01        3.676784e-01
    -12.0          9.389609e-01        3.681727e-01
    -11.9          9.384042e-01        3.686669e-01
    -11.8          9.378475e-01        3.691611e-01
    -11.7          9.372908e-01        3.696553e-01
    -11.6          9.367341e-01        3.701495e-01
    -11.5          9.361775e-01        3.706437e-01
    -11.4          9.356208e-01        3.711380e-01
    -11.3          9.350642e-01        3.716322e-01
    -11.2          9.345075e-01        3.721264e-01
    -11.1          9.339509e-01        3.726206e-01
    -11.0          9.333942e-01        3.731148e-01
    -10.9          9.328376e-01        3.736091e-01
    -10.8          9.322809e-01        3.741033e-01
    -10.7          9.317243e-01        3.745975e-01
    -10.6          9.311676e-01        3.747392e-01
    -10.5          9.306109e-01        3.747814e-01
    -10.4          9.300543e-01        3.748236e-01
    -10.3          9.294976e-01        3.748658e-01
    -10.2          9.289409e-01        3.749080e-01
    -10.1          9.283842e-01        3.749502e-01
    -10.0          9.278276e-01        3.749924e-01
     -9.9          9.272709e-01        3.750347e-01
     -9.8          9.267142e-01        3.750769e-01
     -9.7          9.261575e-01        3.751191e-01
     -9.6          9.256009e-01        3.750571e-01
     -9.5          9.250442e-01        3.747899e-01
     -9.4          9.244876e-01        3.745228e-01
     -9.3          9.239309e-01        3.742557e-01
     -9.2          9.233742e-01        3.739886e-01
     -9.1          9.228176e-01        3.737214e-01
     -9.0          9.222609e-01        3.734543e-01
     -8.9          9.217043e-01        3.731872e-01
     -8.8          9.211476e-01        3.729200e-01
     -8.7          9.205910e-01        3.726529e-01
     -8.6          9.200343e-01        3.723858e-01
     -8.5          9.194382e-01        3.721187e-01
     -8.4          9.188149e-01        3.718515e-01
     -8.3          9.181916e-01        3.715844e-01
     -8.2          9.175682e-01        3.713173e-01
     -8.1          9.169449e-01        3.710502e-01
     -8.0          9.163215e-01        3.707831e-01
     -7.9          9.156982e-01        3.705160e-01
     -7.8          9.150749e-01        3.702488e-01
     -7.7          9.144515e-01        3.699817e-01
     -7.6          9.138282e-01        3.697146e-01
     -7.5          9.132048e-01        3.694475e-01
     -7.4          9.125021e-01        3.691804e-01
     -7.3          9.117863e-01        3.689133e-01
     -7.2          9.110705e-01        3.686462e-01
     -7.1          9.103548e-01        3.683791e-01
     -7.0          9.096390e-01        3.681120e-01
     -6.9          9.089232e-01        3.678449e-01
     -6.8          9.082075e-01        3.675778e-01
     -6.7          9.074917e-01        3.673107e-01
     -6.6          9.067759e-01        3.670437e-01
     -6.5          9.060602e-01        3.667766e-01
     -6.4          9.053444e-01        3.665095e-01
     -6.3          9.046287e-01        3.662423e-01
     -6.2          9.039130e-01        3.659752e-01
     -6.1          9.031973e-01        3.657081e-01
     -6.0          9.024816e-01        3.654410e-01
     -5.9          9.017659e-01        3.651739e-01
     -5.8          9.010502e-01        3.649068e-01
     -5.7          9.003345e-01        3.646397e-01
     -5.6          8.996189e-01        3.643726e-01
     -5.5          8.989032e-01        3.641054e-01
     -5.4          8.981875e-01        3.638383e-01
     -5.3          8.974718e-01        3.635712e-01
     -5.2          8.967560e-01        3.633041e-01
     -5.1          8.960403e-01        3.630370e-01
     -5.0          8.953245e-01        3.627699e-01
     -4.9          8.946088e-01        3.625028e-01
     -4.8          8.938931e-01        3.622357e-01
     -4.7          8.931773e-01        3.619686e-01
     -4.6          8.924616e-01        3.617015e-01
     -4.5          8.917458e-01        3.614344e-01
     -4.4          8.910301e-01        3.611673e-01
     -4.3          8.903144e-01        3.609002e-01
     -4.2          8.895986e-01        3.606331e-01
     -4.1          8.888829e-01        3.603660e-01
     -4.0          8.881672e-01        3.600988e-01
     -3.9          8.874515e-01        3.598317e-01
     -3.8          8.867358e-01        3.595646e-01
     -3.7          8.860201e-01        3.592975e-01
     -3.6          8.853044e-01        3.590303e-01
     -3.5          8.845887e-01        3.587632e-01
     -3.4          8.838730e-01        3.584961e-01
     -3.3          8.831572e-01        3.582290e-01
     -3.2          8.824415e-01        3.579618e-01
     -3.1          8.817091e-01        3.576947e-01
     -3.0          8.809756e-01        3.574277e-01
     -2.9          8.802420e-01        3.571606e-01
     -2.8          8.795084e-01        3.568935e-01
     -2.7          8.787748e-01        3.566264e-01
     -2.6          8.780412e-01        3.563593e-01
     -2.5          8.773076e-01        3.560922e-01
     -2.4          8.765740e-01        3.558251e-01
     -2.3          8.758405e-01        3.555580e-01
     -2.2          8.751069e-01        3.552909e-01
     -2.1          8.743816e-01        3.550238e-01
     -2.0          8.736659e-01        3.547567e-01
     -1.9          8.729503e-01        3.544896e-01
     -1.8          8.722346e-01        3.542225e-01
     -1.7          8.715189e-01        3.539555e-01
     -1.6          8.708033e-01        3.536884e-01
     -1.5          8.700876e-01        3.534213e-01
     -1.4          8.693719e-01        3.531542e-01
     -1.3          8.686563e-01        3.528871e-01
     -1.2          8.679406e-01        3.526201e-01
     -1.1          8.672249e-01        3.523530e-01
     -1.0          8.665092e-01        3.520859e-01
     -0.9          8.657935e-01        3.518188e-01
     -0.8          8.650778e-01        3.515516e-01
     -0.7          8.643621e-01        3.512845e-01
     -0.6          8.636464e-01        3.510174e-01
     -0.5          8.629306e-01        3.507503e-01
     -0.4          8.622149e-01        3.504832e-01
     -0.3          8.614992e-01        3.502161e-01
     -0.2          8.607835e-01        3.499490e-01
     -0.1          8.600678e-01        3.496819e-01
      0.0          8.593521e-01        3.494148e-01
      0.1          8.586364e-01        3.495483e-01
      0.2          8.579207e-01        3.496819e-01
      0.3          8.572051e-01        3.498154e-01
      0.4          8.564894e-01        3.499490e-01
      0.5          8.557737e-01        3.500825e-01
      0.6          8.550581e-01        3.502160e-01
      0.7          8.543424e-01        3.503496e-01
      0.8          8.536267e-01        3.504831e-01
      0.9          8.529111e-01        3.506167e-01
      1.0          8.521954e-01        3.507502e-01
      1.1          8.514797e-01        3.509653e-01
      1.2          8.507640e-01        3.513743e-01
      1.3          8.500484e-01        3.517833e-01
      1.4          8.493327e-01        3.521923e-01
      1.5          8.486170e-01        3.526013e-01
      1.6          8.479014e-01        3.530103e-01
      1.7          8.471857e-01        3.534193e-01
      1.8          8.464700e-01        3.538283e-01
      1.9          8.457543e-01        3.542373e-01
      2.0          8.450387e-01        3.546463e-01
      2.1          8.443230e-01        3.550554e-01
      2.2          8.443037e-01        3.554644e-01
      2.3          8.448854e-01        3.558734e-01
      2.4          8.454670e-01        3.562823e-01
      2.5          8.460486e-01        3.566913e-01
      2.6          8.466303e-01        3.571003e-01
      2.7          8.472119e-01        3.575093e-01
      2.8          8.477935e-01        3.579183e-01
      2.9          8.483751e-01        3.583273e-01
      3.0          8.489568e-01        3.587363e-01
      3.1          8.495384e-01        3.591453e-01
      3.2          8.501200e-01        3.595543e-01
      3.3          8.521633e-01        3.599633e-01
      3.4          8.545602e-01        3.603723e-01
      3.5          8.569570e-01        3.607813e-01
      3.6          8.593539e-01        3.611903e-01
      3.7          8.617508e-01        3.615994e-01
      3.8          8.641476e-01        3.620084e-01
      3.9          8.665445e-01        3.624174e-01
      4.0          8.689413e-01        3.628264e-01
      4.1          8.713382e-01        3.632354e-01
      4.2          8.737350e-01        3.636444e-01
      4.3          8.761319e-01        3.640534e-01
      4.4          8.785286e-01        3.644624e-01
      4.5          8.809254e-01        3.648714e-01
      4.6          8.833222e-01        3.652803e-01
      4.7          8.857190e-01        3.656893e-01
      4.8          8.881157e-01        3.660983e-01
      4.9          8.905125e-01        3.665073e-01
      5.0          8.929093e-01        3.669162e-01
      5.1          8.953060e-01        3.673252e-01
      5.2          8.977028e-01        3.677342e-01
      5.3          9.000996e-01        3.681432e-01
      5.4          9.024964e-01        3.685521e-01
      5.5          9.048932e-01        3.689611e-01
      5.6          9.072900e-01        3.693701e-01
      5.7          9.096868e-01        3.697791e-01
      5.8          9.120836e-01        3.701880e-01
      5.9          9.144804e-01        3.705970e-01
      6.0          9.168772e-01        3.710060e-01
      6.1          9.192740e-01        3.714150e-01
      6.2          9.216708e-01        3.718239e-01
      6.3          9.240676e-01        3.722329e-01
      6.4          9.264644e-01        3.726419e-01
      6.5          9.288612e-01        3.730509e-01
      6.6          9.312580e-01        3.734598e-01
      6.7          9.336547e-01        3.738688e-01
      6.8          9.360515e-01        3.742778e-01
      6.9          9.384483e-01        3.746868e-01
      7.0          9.408450e-01        3.750958e-01
      7.1          9.432418e-01        3.755047e-01
      7.2          9.456386e-01        3.759137e-01
      7.3          9.480353e-01        3.763227e-01
      7.4          9.504321e-01        3.767317e-01
      7.5          9.528289e-01        3.771407e-01
      7.6          9.552256e-01        3.775497e-01
      7.7          9.576223e-01        3.779586e-01
      7.8          9.600190e-01        3.783676e-01
      7.9          9.624158e-01        3.787766e-01
      8.0          9.648125e-01        3.791856e-01
      8.1          9.672092e-01        3.795945e-01
      8.2          9.696059e-01        3.800035e-01
      8.3          9.720027e-01        3.804125e-01
      8.4          9.743994e-01        3.808215e-01
      8.5          9.767961e-01        3.812305e-01
      8.6          9.791928e-01        3.816394e-01
      8.7          9.815896e-01        3.820484e-01
      8.8          9.839863e-01        3.824574e-01
      8.9          9.863830e-01        3.828663e-01
      9.0          9.887798e-01        3.832753e-01
      9.1          9.911765e-01        3.836843e-01
      9.2          9.935733e-01        3.840932e-01
      9.3          9.959700e-01        3.845022e-01
      9.4          9.983667e-01        3.849112e-01
      9.5          1.000763e+00        3.853201e-01
      9.6          1.003160e+00        3.857291e-01
      9.7          1.005557e+00        3.861381e-01
      9.8          1.007954e+00        3.865470e-01
      9.9          1.010350e+00        3.869560e-01
     10.0          1.012747e+00        3.873650e-01
     10.1          1.015144e+00        3.877739e-01
     10.2          1.017540e+00        3.881829e-01
     10.3          1.019937e+00        3.885918e-01
     10.4          1.022334e+00        3.890008e-01
     10.5          1.024731e+00        3.894098e-01
     10.6          1.027127e+00        3.898187e-01
     10.7          1.029524e+00        3.902277e-01
     10.8          1.031921e+00        3.905699e-01
     10.9          1.034317e+00        3.909093e-01
     11.0          1.036714e+00        3.912488e-01
     11.1          1.039111e+00        3.915882e-01
     11.2          1.041507e+00        3.919276e-01
     11.3          1.043904e+00        3.922670e-01
     11.4          1.046301e+00        3.926064e-01
     11.5          1.048697e+00        3.929458e-01
     11.6          1.051094e+00        3.932852e-01
     11.7          1.053491e+00        3.936246e-01
     11.8          1.055887e+00        3.939517e-01
     11.9          1.058284e+00        3.942428e-01
     12.0          1.060681e+00        3.945339e-01
     12.1          1.063077e+00        3.948250e-01
     12.2          1.065474e+00        3.951161e-01
     12.3          1.067871e+00        3.954072e-01
     12.4          1.070267e+00        3.956982e-01
     12.5          1.072664e+00        3.959893e-01
     12.6          1.075061e+00        3.962804e-01
     12.7          1.077457e+00        3.965715e-01
     12.8          1.079854e+00        3.968626e-01
     12.9          1.082000e+00        3.971537e-01
     13.0          1.083262e+00        3.974448e-01
     13.1          1.084525e+00        3.977358e-01
     13.2          1.085787e+00        3.980269e-01
     13.3          1.087049e+00        3.983180e-01
     13.4          1.088312e+00        3.986091e-01
     13.5          1.089574e+00        3.989002e-01
     13.6          1.090836e+00        3.991913e-01
     13.7          1.092099e+00        3.994823e-01
     13.8          1.093361e+00        3.997734e-01
     13.9          1.094623e+00        4.000645e-01
     14.0          1.095101e+00        4.003556e-01
     14.1          1.094760e+00        4.006466e-01
     14.2          1.094419e+00        4.009377e-01
     14.3          1.094078e+00        4.012288e-01
     14.4          1.093738e+00        4.015198e-01
     14.5          1.093397e+00        4.018109e-01
     14.6          1.093056e+00        4.021020e-01
     14.7          1.092715e+00        4.023931e-01
     14.8          1.092374e+00        4.026841e-01
     14.9          1.092033e+00        4.029752e-01
     15.0          1.091692e+00        4.032663e-01
     15.1          1.091352e+00        4.035574e-01
     15.2          1.091011e+00        4.038485e-01
     15.3          1.090670e+00        4.041396e-01
     15.4          1.090329e+00        4.044307e-01
     15.5          1.089988e+00        4.047218e-01
     15.6          1.089647e+00        4.050129e-01
     15.7          1.089306e+00        4.053040e-01
     15.8          1.088966e+00        4.055951e-01
     15.9          1.088625e+00        4.058862e-01
     16.0          1.088284e+00        4.061773e-01
     16.1          1.087943e+00        4.064716e-01
     16.2          1.087602e+00        4.067699e-01
     16.3          1.087261e+00        4.070683e-01
     16.4          1.086920e+00        4.073666e-01
     16.5          1.086580e+00        4.076650e-01
     16.6          1.086239e+00        4.079633e-01
     16.7          1.085898e+00        4.082616e-01
     16.8          1.085557e+00        4.085600e-01
     16.9          1.085216e+00        4.088583e-01
     17.0          1.084875e+00        4.091567e-01
     17.1          1.084534e+00        4.094550e-01
     17.2          1.084194e+00        4.097461e-01
     17.3          1.083853e+00        4.100372e-01
     17.4          1.083512e+00        4.103283e-01
     17.5          1.083171e+00        4.106194e-01
     17.6          1.082830e+00        4.109105e-01
     17.7          1.082489e+00        4.112015e-01
     17.8          1.082148e+00        4.114926e-01
     17.9          1.081807e+00        4.117837e-01
     18.0          1.081466e+00        4.120748e-01
     18.1          1.081126e+00        4.123659e-01
     18.2          1.080785e+00        4.126570e-01
     18.3          1.080444e+00        4.129480e-01
     18.4          1.080103e+00        4.132391e-01
     18.5          1.079762e+00        4.135302e-01
     18.6          1.079421e+00        4.138213e-01
     18.7          1.079080e+00        4.141123e-01
     18.8          1.078740e+00        4.144034e-01
     18.9          1.078399e+00        4.146945e-01
     19.0          1.078058e+00        4.149856e-01
     19.1          1.077717e+00        4.152766e-01
     19.2          1.077376e+00        4.155677e-01
     19.3          1.077035e+00        4.158588e-01
     19.4          1.076695e+00        4.161498e-01
     19.5          1.076354e+00        4.164409e-01
     19.6          1.076013e+00        4.167320e-01
     19.7          1.075672e+00        4.170230e-01
     19.8          1.075331e+00        4.173141e-01
     19.9          1.074990e+00        4.176052e-01
     20.0          1.074649e+00        4.178963e-01
     20.1          1.074308e+00        4.181873e-01
     20.2          1.073968e+00        4.184784e-01
     20.3          1.073627e+00        4.187695e-01
     20.4          1.073286e+00        4.190605e-01
     20.5          1.072945e+00        4.193516e-01
     20.6          1.072604e+00        4.196427e-01
     20.7          1.072263e+00        4.199337e-01
     20.8          1.071923e+00        4.202248e-01
     20.9          1.071582e+00        4.205159e-01
     21.0          1.071241e+00        4.208069e-01
     21.1          1.070900e+00        4.210980e-01
     21.2          1.070559e+00        4.213890e-01
     21.3          1.070218e+00        4.216801e-01
     21.4          1.069878e+00        4.218318e-01
     21.5          1.069537e+00        4.213440e-01
     21.6          1.069196e+00        4.208563e-01
     21.7          1.068855e+00        4.203685e-01
     21.8          1.068514e+00        4.198808e-01
     21.9          1.068173e+00        4.193931e-01
     22.0          1.067832e+00        4.189053e-01
     22.1          1.067492e+00        4.184176e-01
     22.2          1.067151e+00        4.179298e-01
     22.3          1.066810e+00        4.174421e-01
     22.4          1.066469e+00        4.169544e-01
     22.5          1.066128e+00        4.162072e-01
     22.6          1.065787e+00        4.151731e-01
     22.7          1.065447e+00        4.141389e-01
     22.8          1.065106e+00        4.131048e-01
     22.9          1.064765e+00        4.120707e-01
     23.0          1.064424e+00        4.110366e-01
     23.1          1.064083e+00        4.100025e-01
     23.2          1.063742e+00        4.089684e-01
     23.3          1.063401e+00        4.079343e-01
     23.4          1.063061e+00        4.069002e-01
     23.5          1.062720e+00        4.058661e-01
     23.6          1.062379e+00        4.048320e-01
     23.7          1.060803e+00        4.037980e-01
     23.8          1.059097e+00        4.027639e-01
     23.9          1.057392e+00        4.017298e-01
     24.0          1.055686e+00        4.006957e-01
     24.1          1.053981e+00        3.996617e-01
     24.2          1.052276e+00        3.986276e-01
     24.3          1.050570e+00        3.975935e-01
     24.4          1.048865e+00        3.965594e-01
     24.5          1.047159e+00        3.955254e-01
     24.6          1.045454e+00        3.944913e-01
     24.7          1.042944e+00        3.934572e-01
     24.8          1.039391e+00        3.924231e-01
     24.9          1.035839e+00        3.913890e-01
     25.0          1.032286e+00        3.903550e-01
     25.1          1.028733e+00        3.893209e-01
     25.2          1.025180e+00        3.882868e-01
     25.3          1.021628e+00        3.872527e-01
     25.4          1.018075e+00        3.862187e-01
     25.5          1.014522e+00        3.851846e-01
     25.6          1.010969e+00        3.841505e-01
     25.7          1.007417e+00        3.831164e-01
     25.8          1.003864e+00        3.820824e-01
     25.9          1.000311e+00        3.810483e-01
     26.0          9.967584e-01        3.800143e-01
     26.1          9.932057e-01        3.789802e-01
     26.2          9.896530e-01        3.779462e-01
     26.3          9.861002e-01        3.769121e-01
     26.4          9.825475e-01        3.758781e-01
     26.5          9.789948e-01        3.748440e-01
     26.6          9.754421e-01        3.738100e-01
     26.7          9.718894e-01        3.727759e-01
     26.8          9.683367e-01        3.717419e-01
     26.9          9.647840e-01        3.707079e-01
     27.0          9.612314e-01        3.696738e-01
     27.1          9.576787e-01        3.686398e-01
     27.2          9.541260e-01        3.676058e-01
     27.3          9.505734e-01        3.665717e-01
     27.4          9.470207e-01        3.655377e-01
     27.5          9.434680e-01        3.645037e-01
     27.6          9.399154e-01        3.634696e-01
     27.7          9.363627e-01        3.624356e-01
     27.8          9.328100e-01        3.614016e-01
     27.9          9.292574e-01        3.603675e-01
     28.0          9.257047e-01        3.593335e-01
     28.1          9.221520e-01        3.582995e-01
     28.2          9.185993e-01        3.572654e-01
     28.3          9.150466e-01        3.562314e-01
     28.4          9.114940e-01        3.551974e-01
     28.5          9.079413e-01        3.541633e-01
     28.6          9.043886e-01        3.531293e-01
     28.7          9.008359e-01        3.520953e-01
     28.8          8.972833e-01        3.510612e-01
     28.9          8.937306e-01        3.500272e-01
     29.0          8.901779e-01        3.489932e-01
     29.1          8.866253e-01        3.479592e-01
     29.2          8.830727e-01        3.469252e-01
     29.3          8.795200e-01        3.458911e-01
     29.4          8.759674e-01        3.448571e-01
     29.5          8.724148e-01        3.438231e-01
     29.6          8.688622e-01        3.427891e-01
     29.7          8.653096e-01        3.417551e-01
     29.8          8.617569e-01        3.407211e-01
     29.9          8.582043e-01        3.396871e-01
     30.0          8.546517e-01        3.386531e-01
     30.1          8.510990e-01        3.376191e-01
     30.2          8.475464e-01        3.365851e-01
     30.3          8.439938e-01        3.355511e-01
     30.4          8.404411e-01        3.345171e-01
     30.5          8.368885e-01        3.334830e-01
     30.6          8.333358e-01        3.324490e-01
     30.7          8.297832e-01        3.314150e-01
     30.8          8.262306e-01        3.303810e-01
     30.9          8.226779e-01        3.293470e-01
     31.0          8.191253e-01        3.283130e-01
     31.1          8.155726e-01        3.272790e-01
     31.2          8.120201e-01        3.262450e-01
     31.3          8.084676e-01        3.252110e-01
     31.4          8.049150e-01        3.241770e-01
     31.5          8.013625e-01        3.231430e-01
     31.6          7.978099e-01        3.221091e-01
     31.7          7.942574e-01        3.210751e-01
     31.8          7.907049e-01        3.200411e-01
     31.9          7.871523e-01        3.190071e-01
     32.0          7.835998e-01        3.179731e-01
     32.1          7.800472e-01        3.168980e-01
     32.2          7.764947e-01        3.155666e-01
     32.3          7.729421e-01        3.142351e-01
     32.4          7.693896e-01        3.129037e-01
     32.5          7.658370e-01        3.115722e-01
     32.6          7.622844e-01        3.102407e-01
     32.7          7.587319e-01        3.089093e-01
     32.8          7.551793e-01        3.075778e-01
     32.9          7.516268e-01        3.062464e-01
     33.0          7.480742e-01        3.049149e-01
     33.1          7.445216e-01        3.035835e-01
     33.2          7.409691e-01        3.021606e-01
     33.3          7.374165e-01        3.006183e-01
     33.4          7.338641e-01        2.990761e-01
     33.5          7.303116e-01        2.975339e-01
     33.6          7.267591e-01        2.959917e-01
     33.7          7.232066e-01        2.944495e-01
     33.8          7.196541e-01        2.929072e-01
     33.9          7.161016e-01        2.913650e-01
     34.0          7.125491e-01        2.898228e-01
     34.1          7.089966e-01        2.882806e-01
     34.2          7.054441e-01        2.867384e-01
     34.3          7.018916e-01        2.851961e-01
     34.4          6.984192e-01        2.836539e-01
     34.5          6.949608e-01        2.821117e-01
     34.6          6.915023e-01        2.805695e-01
     34.7          6.880439e-01        2.790273e-01
     34.8          6.845855e-01        2.774850e-01
     34.9          6.811271e-01        2.759428e-01
     35.0          6.776687e-01        2.744006e-01
     35.1          6.742103e-01        2.728584e-01
     35.2          6.707519e-01        2.713162e-01
     35.3          6.672935e-01        2.697740e-01
     35.4          6.638513e-01        2.682318e-01
     35.5          6.605287e-01        2.666896e-01
     35.6          6.572060e-01        2.651474e-01
     35.7          6.538834e-01        2.636052e-01
     35.8          6.505607e-01        2.620630e-01
     35.9          6.472381e-01        2.605208e-01
     36.0          6.439154e-01        2.589787e-01
     36.1          6.405927e-01        2.574365e-01
     36.2          6.372701e-01        2.558943e-01
     36.3          6.339474e-01        2.543521e-01
     36.4          6.306248e-01        2.528099e-01
     36.5          6.273021e-01        2.512677e-01
     36.6          6.239795e-01        2.497256e-01
     36.7          6.206569e-01        2.481834e-01
     36.8          6.173342e-01        2.466412e-01
     36.9          6.140116e-01        2.450990e-01
     37.0          6.106889e-01        2.435569e-01
     37.1          6.073663e-01        2.420147e-01
     37.2          6.040437e-01        2.404725e-01
     37.3          6.007210e-01        2.389303e-01
     37.4          5.973984e-01        2.373882e-01
     37.5          5.940757e-01        2.358460e-01
     37.6          5.907531e-01        2.343038e-01
     37.7          5.874305e-01        2.327617e-01
     37.8          5.841079e-01        2.312195e-01
     37.9          5.807853e-01        2.296774e-01
     38.0          5.774626e-01        2.281352e-01
     38.1          5.741400e-01        2.265930e-01
     38.2          5.708174e-01        2.250509e-01
     38.3          5.674948e-01        2.235087e-01
     38.4          5.641721e-01        2.219666e-01
     38.5          5.608495e-01        2.204244e-01
     38.6          5.575269e-01        2.188823e-01
     38.7          5.542043e-01        2.173401e-01
     38.8          5.508817e-01        2.157980e-01
     38.9          5.475592e-01        2.142559e-01
     39.0          5.442366e-01        2.127137e-01
     39.1          5.409140e-01        2.111716e-01
     39.2          5.375914e-01        2.096295e-01
     39.3          5.342689e-01        2.080873e-01
     39.4          5.309463e-01        2.065452e-01
     39.5          5.276237e-01        2.050031e-01
     39.6          5.243011e-01        2.034609e-01
     39.7          5.209786e-01        2.019188e-01
     39.8          5.176560e-01        2.003767e-01
     39.9          5.143335e-01        1.988346e-01
     40.0          5.110109e-01        1.972924e-01
     40.1          5.076884e-01        1.957503e-01
     40.2          5.043659e-01        1.942082e-01
     40.3          5.010433e-01        1.926661e-01
     40.4          4.977208e-01        1.911240e-01
     40.5          4.943982e-01        1.895818e-01
     40.6          4.910757e-01        1.880397e-01
     40.7          4.877531e-01        1.864976e-01
     40.8          4.844306e-01        1.849555e-01
     40.9          4.811081e-01        1.834134e-01
     41.0          4.777856e-01        1.818713e-01
     41.1          4.744631e-01        1.803292e-01
     41.2          4.711405e-01        1.787871e-01
     41.3          4.678180e-01        1.772450e-01
     41.4          4.644955e-01        1.757029e-01
     41.5          4.611730e-01        1.741608e-01
     41.6          4.578504e-01        1.726187e-01
     41.7          4.545279e-01        1.710766e-01
     41.8          4.512054e-01        1.695345e-01
     41.9          4.478829e-01        1.679924e-01
     42.0          4.445604e-01        1.664503e-01
     42.1          4.412379e-01        1.649082e-01
     42.2          4.379154e-01        1.633662e-01
     42.3          4.345929e-01        1.618241e-01
     42.4          4.312704e-01        1.602820e-01
     42.5          4.279479e-01        1.587399e-01
     42.6          4.246254e-01        1.571978e-01
     42.7          4.213029e-01        1.556557e-01
     42.8          4.179804e-01        1.541847e-01
     42.9          4.146579e-01        1.533763e-01
     43.0          4.113354e-01        1.525678e-01
     43.1          4.080129e-01        1.517593e-01
     43.2          4.046905e-01        1.509508e-01
     43.3          4.013680e-01        1.501423e-01
     43.4          3.980456e-01        1.493339e-01
     43.5          3.947231e-01        1.485254e-01
     43.6          3.914006e-01        1.477169e-01
     43.7          3.880782e-01        1.469084e-01
     43.8          3.847557e-01        1.460999e-01
     43.9          3.814333e-01        1.456569e-01
     44.0          3.781108e-01        1.454073e-01
     44.1          3.747884e-01        1.451578e-01
     44.2          3.714659e-01        1.449082e-01
     44.3          3.681435e-01        1.446586e-01
     44.4          3.648211e-01        1.444091e-01
     44.5          3.614986e-01        1.441595e-01
     44.6          3.581762e-01        1.439099e-01
     44.7          3.548537e-01        1.436603e-01
     44.8          3.515313e-01        1.434108e-01
     44.9          3.482089e-01        1.431612e-01
     45.0          3.448864e-01        1.429116e-01
     45.1          3.419919e-01        1.426621e-01
     45.2          3.394692e-01        1.424125e-01
     45.3          3.369465e-01        1.421629e-01
     45.4          3.344237e-01        1.419134e-01
     45.5          3.319010e-01        1.416638e-01
     45.6          3.293783e-01        1.414142e-01
     45.7          3.268556e-01        1.411646e-01
     45.8          3.243329e-01        1.409151e-01
     45.9          3.218102e-01        1.406655e-01
     46.0          3.192875e-01        1.404159e-01
     46.1          3.167648e-01        1.401664e-01
     46.2          3.151780e-01        1.399168e-01
     46.3          3.138203e-01        1.396672e-01
     46.4          3.124626e-01        1.394177e-01
     46.5          3.111048e-01        1.391681e-01
     46.6          3.097471e-01        1.389185e-01
     46.7          3.083893e-01        1.386690e-01
     46.8          3.070316e-01        1.384194e-01
     46.9          3.056738e-01        1.381698e-01
     47.0          3.043161e-01        1.379203e-01
     47.1          3.029583e-01        1.376707e-01
     47.2          3.016006e-01        1.374211e-01
     47.3          3.002429e-01        1.371716e-01
     47.4          2.988851e-01        1.369220e-01
     47.5          2.975274e-01        1.366725e-01
     47.6          2.961697e-01        1.364229e-01
     47.7          2.948120e-01        1.361733e-01
     47.8          2.934542e-01        1.359238e-01
     47.9          2.920965e-01        1.356742e-01
     48.0          2.907388e-01        1.354246e-01
     48.1          2.893811e-01        1.351751e-01
     48.2          2.880233e-01        1.349255e-01
     48.3          2.866656e-01        1.346759e-01
     48.4          2.853079e-01        1.344264e-01
     48.5          2.839501e-01        1.341768e-01
     48.6          2.825924e-01        1.339273e-01
     48.7          2.812347e-01        1.336777e-01
     48.8          2.798770e-01        1.334281e-01
     48.9          2.785192e-01        1.331786e-01
     49.0          2.771615e-01        1.329290e-01
     49.1          2.758038e-01        1.326795e-01
     49.2          2.744461e-01        1.324299e-01
     49.3          2.730883e-01        1.321803e-01
     49.4          2.717306e-01        1.319308e-01
     49.5          2.703729e-01        1.316812e-01
     49.6          2.690152e-01        1.314317e-01
     49.7          2.676574e-01        1.311821e-01
     49.8          2.662997e-01        1.309325e-01
     49.9          2.649420e-01        1.306830e-01
     50.0          2.635842e-01        1.304334e-01
